Angle,Reflectance
63.000,0.999954
63.001,0.999954
63.002,0.999954
63.003,0.999954
63.004,0.999954
63.005,0.999954
63.006,0.999954
63.007,0.999954
63.008,0.999954
63.009,0.999954
63.010,0.999954
63.011,0.999954
63.012,0.999955
63.013,0.999955
63.014,0.999955
63.015,0.999955
63.016,0.999955
63.017,0.999955
63.018,0.999955
63.019,0.999955
63.020,0.999955
63.021,0.999955
63.022,0.999955
63.023,0.999956
63.024,0.999956
63.025,0.999956
63.026,0.999956
63.027,0.999956
63.028,0.999956
63.029,0.999956
63.030,0.999956
63.031,0.999956
63.032,0.999956
63.033,0.999956
63.034,0.999956
63.035,0.999956
63.036,0.999957
63.037,0.999957
63.038,0.999957
63.039,0.999957
63.040,0.999957
63.041,0.999957
63.042,0.999957
63.043,0.999957
63.044,0.999957
63.045,0.999957
63.046,0.999957
63.047,0.999957
63.048,0.999958
63.049,0.999958
63.050,0.999958
63.051,0.999958
63.052,0.999958
63.053,0.999958
63.054,0.999958
63.055,0.999958
63.056,0.999958
63.057,0.999958
63.058,0.999958
63.059,0.999958
63.060,0.999958
63.061,0.999959
63.062,0.999959
63.063,0.999959
63.064,0.999959
63.065,0.999959
63.066,0.999959
63.067,0.999959
63.068,0.999959
63.069,0.999959
63.070,0.999959
63.071,0.999959
63.072,0.999959
63.073,0.999959
63.074,0.999959
63.075,0.999960
63.076,0.999960
63.077,0.999960
63.078,0.999960
63.079,0.999960
63.080,0.999960
63.081,0.999960
63.082,0.999960
63.083,0.999960
63.084,0.999960
63.085,0.999960
63.086,0.999960
63.087,0.999960
63.088,0.999960
63.089,0.999961
63.090,0.999961
63.091,0.999961
63.092,0.999961
63.093,0.999961
63.094,0.999961
63.095,0.999961
63.096,0.999961
63.097,0.999961
63.098,0.999961
63.099,0.999961
63.100,0.999961
63.101,0.999961
63.102,0.999961
63.103,0.999962
63.104,0.999962
63.105,0.999962
63.106,0.999962
63.107,0.999962
63.108,0.999962
63.109,0.999962
63.110,0.999962
63.111,0.999962
63.112,0.999962
63.113,0.999962
63.114,0.999962
63.115,0.999962
63.116,0.999962
63.117,0.999962
63.118,0.999963
63.119,0.999963
63.120,0.999963
63.121,0.999963
63.122,0.999963
63.123,0.999963
63.124,0.999963
63.125,0.999963
63.126,0.999963
63.127,0.999963
63.128,0.999963
63.129,0.999963
63.130,0.999963
63.131,0.999963
63.132,0.999963
63.133,0.999963
63.134,0.999964
63.135,0.999964
63.136,0.999964
63.137,0.999964
63.138,0.999964
63.139,0.999964
63.140,0.999964
63.141,0.999964
63.142,0.999964
63.143,0.999964
63.144,0.999964
63.145,0.999964
63.146,0.999964
63.147,0.999964
63.148,0.999964
63.149,0.999964
63.150,0.999965
63.151,0.999965
63.152,0.999965
63.153,0.999965
63.154,0.999965
63.155,0.999965
63.156,0.999965
63.157,0.999965
63.158,0.999965
63.159,0.999965
63.160,0.999965
63.161,0.999965
63.162,0.999965
63.163,0.999965
63.164,0.999965
63.165,0.999965
63.166,0.999965
63.167,0.999966
63.168,0.999966
63.169,0.999966
63.170,0.999966
63.171,0.999966
63.172,0.999966
63.173,0.999966
63.174,0.999966
63.175,0.999966
63.176,0.999966
63.177,0.999966
63.178,0.999966
63.179,0.999966
63.180,0.999966
63.181,0.999966
63.182,0.999966
63.183,0.999966
63.184,0.999966
63.185,0.999967
63.186,0.999967
63.187,0.999967
63.188,0.999967
63.189,0.999967
63.190,0.999967
63.191,0.999967
63.192,0.999967
63.193,0.999967
63.194,0.999967
63.195,0.999967
63.196,0.999967
63.197,0.999967
63.198,0.999967
63.199,0.999967
63.200,0.999967
63.201,0.999967
63.202,0.999967
63.203,0.999968
63.204,0.999968
63.205,0.999968
63.206,0.999968
63.207,0.999968
63.208,0.999968
63.209,0.999968
63.210,0.999968
63.211,0.999968
63.212,0.999968
63.213,0.999968
63.214,0.999968
63.215,0.999968
63.216,0.999968
63.217,0.999968
63.218,0.999968
63.219,0.999968
63.220,0.999968
63.221,0.999968
63.222,0.999969
63.223,0.999969
63.224,0.999969
63.225,0.999969
63.226,0.999969
63.227,0.999969
63.228,0.999969
63.229,0.999969
63.230,0.999969
63.231,0.999969
63.232,0.999969
63.233,0.999969
63.234,0.999969
63.235,0.999969
63.236,0.999969
63.237,0.999969
63.238,0.999969
63.239,0.999969
63.240,0.999969
63.241,0.999969
63.242,0.999970
63.243,0.999970
63.244,0.999970
63.245,0.999970
63.246,0.999970
63.247,0.999970
63.248,0.999970
63.249,0.999970
63.250,0.999970
63.251,0.999970
63.252,0.999970
63.253,0.999970
63.254,0.999970
63.255,0.999970
63.256,0.999970
63.257,0.999970
63.258,0.999970
63.259,0.999970
63.260,0.999970
63.261,0.999970
63.262,0.999970
63.263,0.999971
63.264,0.999971
63.265,0.999971
63.266,0.999971
63.267,0.999971
63.268,0.999971
63.269,0.999971
63.270,0.999971
63.271,0.999971
63.272,0.999971
63.273,0.999971
63.274,0.999971
63.275,0.999971
63.276,0.999971
63.277,0.999971
63.278,0.999971
63.279,0.999971
63.280,0.999971
63.281,0.999971
63.282,0.999971
63.283,0.999971
63.284,0.999971
63.285,0.999972
63.286,0.999972
63.287,0.999972
63.288,0.999972
63.289,0.999972
63.290,0.999972
63.291,0.999972
63.292,0.999972
63.293,0.999972
63.294,0.999972
63.295,0.999972
63.296,0.999972
63.297,0.999972
63.298,0.999972
63.299,0.999972
63.300,0.999972
63.301,0.999972
63.302,0.999972
63.303,0.999972
63.304,0.999972
63.305,0.999972
63.306,0.999972
63.307,0.999972
63.308,0.999973
63.309,0.999973
63.310,0.999973
63.311,0.999973
63.312,0.999973
63.313,0.999973
63.314,0.999973
63.315,0.999973
63.316,0.999973
63.317,0.999973
63.318,0.999973
63.319,0.999973
63.320,0.999973
63.321,0.999973
63.322,0.999973
63.323,0.999973
63.324,0.999973
63.325,0.999973
63.326,0.999973
63.327,0.999973
63.328,0.999973
63.329,0.999973
63.330,0.999973
63.331,0.999973
63.332,0.999974
63.333,0.999974
63.334,0.999974
63.335,0.999974
63.336,0.999974
63.337,0.999974
63.338,0.999974
63.339,0.999974
63.340,0.999974
63.341,0.999974
63.342,0.999974
63.343,0.999974
63.344,0.999974
63.345,0.999974
63.346,0.999974
63.347,0.999974
63.348,0.999974
63.349,0.999974
63.350,0.999974
63.351,0.999974
63.352,0.999974
63.353,0.999974
63.354,0.999974
63.355,0.999974
63.356,0.999974
63.357,0.999975
63.358,0.999975
63.359,0.999975
63.360,0.999975
63.361,0.999975
63.362,0.999975
63.363,0.999975
63.364,0.999975
63.365,0.999975
63.366,0.999975
63.367,0.999975
63.368,0.999975
63.369,0.999975
63.370,0.999975
63.371,0.999975
63.372,0.999975
63.373,0.999975
63.374,0.999975
63.375,0.999975
63.376,0.999975
63.377,0.999975
63.378,0.999975
63.379,0.999975
63.380,0.999975
63.381,0.999975
63.382,0.999975
63.383,0.999975
63.384,0.999976
63.385,0.999976
63.386,0.999976
63.387,0.999976
63.388,0.999976
63.389,0.999976
63.390,0.999976
63.391,0.999976
63.392,0.999976
63.393,0.999976
63.394,0.999976
63.395,0.999976
63.396,0.999976
63.397,0.999976
63.398,0.999976
63.399,0.999976
63.400,0.999976
63.401,0.999976
63.402,0.999976
63.403,0.999976
63.404,0.999976
63.405,0.999976
63.406,0.999976
63.407,0.999976
63.408,0.999976
63.409,0.999976
63.410,0.999976
63.411,0.999976
63.412,0.999976
63.413,0.999977
63.414,0.999977
63.415,0.999977
63.416,0.999977
63.417,0.999977
63.418,0.999977
63.419,0.999977
63.420,0.999977
63.421,0.999977
63.422,0.999977
63.423,0.999977
63.424,0.999977
63.425,0.999977
63.426,0.999977
63.427,0.999977
63.428,0.999977
63.429,0.999977
63.430,0.999977
63.431,0.999977
63.432,0.999977
63.433,0.999977
63.434,0.999977
63.435,0.999977
63.436,0.999977
63.437,0.999977
63.438,0.999977
63.439,0.999977
63.440,0.999977
63.441,0.999977
63.442,0.999977
63.443,0.999978
63.444,0.999978
63.445,0.999978
63.446,0.999978
63.447,0.999978
63.448,0.999978
63.449,0.999978
63.450,0.999978
63.451,0.999978
63.452,0.999978
63.453,0.999978
63.454,0.999978
63.455,0.999978
63.456,0.999978
63.457,0.999978
63.458,0.999978
63.459,0.999978
63.460,0.999978
63.461,0.999978
63.462,0.999978
63.463,0.999978
63.464,0.999978
63.465,0.999978
63.466,0.999978
63.467,0.999978
63.468,0.999978
63.469,0.999978
63.470,0.999978
63.471,0.999978
63.472,0.999978
63.473,0.999978
63.474,0.999978
63.475,0.999979
63.476,0.999979
63.477,0.999979
63.478,0.999979
63.479,0.999979
63.480,0.999979
63.481,0.999979
63.482,0.999979
63.483,0.999979
63.484,0.999979
63.485,0.999979
63.486,0.999979
63.487,0.999979
63.488,0.999979
63.489,0.999979
63.490,0.999979
63.491,0.999979
63.492,0.999979
63.493,0.999979
63.494,0.999979
63.495,0.999979
63.496,0.999979
63.497,0.999979
63.498,0.999979
63.499,0.999979
63.500,0.999979
63.501,0.999979
63.502,0.999979
63.503,0.999979
63.504,0.999979
63.505,0.999979
63.506,0.999979
63.507,0.999979
63.508,0.999979
63.509,0.999980
63.510,0.999980
63.511,0.999980
63.512,0.999980
63.513,0.999980
63.514,0.999980
63.515,0.999980
63.516,0.999980
63.517,0.999980
63.518,0.999980
63.519,0.999980
63.520,0.999980
63.521,0.999980
63.522,0.999980
63.523,0.999980
63.524,0.999980
63.525,0.999980
63.526,0.999980
63.527,0.999980
63.528,0.999980
63.529,0.999980
63.530,0.999980
63.531,0.999980
63.532,0.999980
63.533,0.999980
63.534,0.999980
63.535,0.999980
63.536,0.999980
63.537,0.999980
63.538,0.999980
63.539,0.999980
63.540,0.999980
63.541,0.999980
63.542,0.999980
63.543,0.999980
63.544,0.999980
63.545,0.999981
63.546,0.999981
63.547,0.999981
63.548,0.999981
63.549,0.999981
63.550,0.999981
63.551,0.999981
63.552,0.999981
63.553,0.999981
63.554,0.999981
63.555,0.999981
63.556,0.999981
63.557,0.999981
63.558,0.999981
63.559,0.999981
63.560,0.999981
63.561,0.999981
63.562,0.999981
63.563,0.999981
63.564,0.999981
63.565,0.999981
63.566,0.999981
63.567,0.999981
63.568,0.999981
63.569,0.999981
63.570,0.999981
63.571,0.999981
63.572,0.999981
63.573,0.999981
63.574,0.999981
63.575,0.999981
63.576,0.999981
63.577,0.999981
63.578,0.999981
63.579,0.999981
63.580,0.999981
63.581,0.999981
63.582,0.999981
63.583,0.999981
63.584,0.999982
63.585,0.999982
63.586,0.999982
63.587,0.999982
63.588,0.999982
63.589,0.999982
63.590,0.999982
63.591,0.999982
63.592,0.999982
63.593,0.999982
63.594,0.999982
63.595,0.999982
63.596,0.999982
63.597,0.999982
63.598,0.999982
63.599,0.999982
63.600,0.999982
63.601,0.999982
63.602,0.999982
63.603,0.999982
63.604,0.999982
63.605,0.999982
63.606,0.999982
63.607,0.999982
63.608,0.999982
63.609,0.999982
63.610,0.999982
63.611,0.999982
63.612,0.999982
63.613,0.999982
63.614,0.999982
63.615,0.999982
63.616,0.999982
63.617,0.999982
63.618,0.999982
63.619,0.999982
63.620,0.999982
63.621,0.999982
63.622,0.999982
63.623,0.999982
63.624,0.999982
63.625,0.999983
63.626,0.999983
63.627,0.999983
63.628,0.999983
63.629,0.999983
63.630,0.999983
63.631,0.999983
63.632,0.999983
63.633,0.999983
63.634,0.999983
63.635,0.999983
63.636,0.999983
63.637,0.999983
63.638,0.999983
63.639,0.999983
63.640,0.999983
63.641,0.999983
63.642,0.999983
63.643,0.999983
63.644,0.999983
63.645,0.999983
63.646,0.999983
63.647,0.999983
63.648,0.999983
63.649,0.999983
63.650,0.999983
63.651,0.999983
63.652,0.999983
63.653,0.999983
63.654,0.999983
63.655,0.999983
63.656,0.999983
63.657,0.999983
63.658,0.999983
63.659,0.999983
63.660,0.999983
63.661,0.999983
63.662,0.999983
63.663,0.999983
63.664,0.999983
63.665,0.999983
63.666,0.999983
63.667,0.999983
63.668,0.999983
63.669,0.999983
63.670,0.999984
63.671,0.999984
63.672,0.999984
63.673,0.999984
63.674,0.999984
63.675,0.999984
63.676,0.999984
63.677,0.999984
63.678,0.999984
63.679,0.999984
63.680,0.999984
63.681,0.999984
63.682,0.999984
63.683,0.999984
63.684,0.999984
63.685,0.999984
63.686,0.999984
63.687,0.999984
63.688,0.999984
63.689,0.999984
63.690,0.999984
63.691,0.999984
63.692,0.999984
63.693,0.999984
63.694,0.999984
63.695,0.999984
63.696,0.999984
63.697,0.999984
63.698,0.999984
63.699,0.999984
63.700,0.999984
63.701,0.999984
63.702,0.999984
63.703,0.999984
63.704,0.999984
63.705,0.999984
63.706,0.999984
63.707,0.999984
63.708,0.999984
63.709,0.999984
63.710,0.999984
63.711,0.999984
63.712,0.999984
63.713,0.999984
63.714,0.999984
63.715,0.999984
63.716,0.999984
63.717,0.999984
63.718,0.999984
63.719,0.999985
63.720,0.999985
63.721,0.999985
63.722,0.999985
63.723,0.999985
63.724,0.999985
63.725,0.999985
63.726,0.999985
63.727,0.999985
63.728,0.999985
63.729,0.999985
63.730,0.999985
63.731,0.999985
63.732,0.999985
63.733,0.999985
63.734,0.999985
63.735,0.999985
63.736,0.999985
63.737,0.999985
63.738,0.999985
63.739,0.999985
63.740,0.999985
63.741,0.999985
63.742,0.999985
63.743,0.999985
63.744,0.999985
63.745,0.999985
63.746,0.999985
63.747,0.999985
63.748,0.999985
63.749,0.999985
63.750,0.999985
63.751,0.999985
63.752,0.999985
63.753,0.999985
63.754,0.999985
63.755,0.999985
63.756,0.999985
63.757,0.999985
63.758,0.999985
63.759,0.999985
63.760,0.999985
63.761,0.999985
63.762,0.999985
63.763,0.999985
63.764,0.999985
63.765,0.999985
63.766,0.999985
63.767,0.999985
63.768,0.999985
63.769,0.999985
63.770,0.999985
63.771,0.999985
63.772,0.999986
63.773,0.999986
63.774,0.999986
63.775,0.999986
63.776,0.999986
63.777,0.999986
63.778,0.999986
63.779,0.999986
63.780,0.999986
63.781,0.999986
63.782,0.999986
63.783,0.999986
63.784,0.999986
63.785,0.999986
63.786,0.999986
63.787,0.999986
63.788,0.999986
63.789,0.999986
63.790,0.999986
63.791,0.999986
63.792,0.999986
63.793,0.999986
63.794,0.999986
63.795,0.999986
63.796,0.999986
63.797,0.999986
63.798,0.999986
63.799,0.999986
63.800,0.999986
63.801,0.999986
63.802,0.999986
63.803,0.999986
63.804,0.999986
63.805,0.999986
63.806,0.999986
63.807,0.999986
63.808,0.999986
63.809,0.999986
63.810,0.999986
63.811,0.999986
63.812,0.999986
63.813,0.999986
63.814,0.999986
63.815,0.999986
63.816,0.999986
63.817,0.999986
63.818,0.999986
63.819,0.999986
63.820,0.999986
63.821,0.999986
63.822,0.999986
63.823,0.999986
63.824,0.999986
63.825,0.999986
63.826,0.999986
63.827,0.999986
63.828,0.999986
63.829,0.999986
63.830,0.999987
63.831,0.999987
63.832,0.999987
63.833,0.999987
63.834,0.999987
63.835,0.999987
63.836,0.999987
63.837,0.999987
63.838,0.999987
63.839,0.999987
63.840,0.999987
63.841,0.999987
63.842,0.999987
63.843,0.999987
63.844,0.999987
63.845,0.999987
63.846,0.999987
63.847,0.999987
63.848,0.999987
63.849,0.999987
63.850,0.999987
63.851,0.999987
63.852,0.999987
63.853,0.999987
63.854,0.999987
63.855,0.999987
63.856,0.999987
63.857,0.999987
63.858,0.999987
63.859,0.999987
63.860,0.999987
63.861,0.999987
63.862,0.999987
63.863,0.999987
63.864,0.999987
63.865,0.999987
63.866,0.999987
63.867,0.999987
63.868,0.999987
63.869,0.999987
63.870,0.999987
63.871,0.999987
63.872,0.999987
63.873,0.999987
63.874,0.999987
63.875,0.999987
63.876,0.999987
63.877,0.999987
63.878,0.999987
63.879,0.999987
63.880,0.999987
63.881,0.999987
63.882,0.999987
63.883,0.999987
63.884,0.999987
63.885,0.999987
63.886,0.999987
63.887,0.999987
63.888,0.999987
63.889,0.999987
63.890,0.999987
63.891,0.999987
63.892,0.999987
63.893,0.999987
63.894,0.999988
63.895,0.999988
63.896,0.999988
63.897,0.999988
63.898,0.999988
63.899,0.999988
63.900,0.999988
63.901,0.999988
63.902,0.999988
63.903,0.999988
63.904,0.999988
63.905,0.999988
63.906,0.999988
63.907,0.999988
63.908,0.999988
63.909,0.999988
63.910,0.999988
63.911,0.999988
63.912,0.999988
63.913,0.999988
63.914,0.999988
63.915,0.999988
63.916,0.999988
63.917,0.999988
63.918,0.999988
63.919,0.999988
63.920,0.999988
63.921,0.999988
63.922,0.999988
63.923,0.999988
63.924,0.999988
63.925,0.999988
63.926,0.999988
63.927,0.999988
63.928,0.999988
63.929,0.999988
63.930,0.999988
63.931,0.999988
63.932,0.999988
63.933,0.999988
63.934,0.999988
63.935,0.999988
63.936,0.999988
63.937,0.999988
63.938,0.999988
63.939,0.999988
63.940,0.999988
63.941,0.999988
63.942,0.999988
63.943,0.999988
63.944,0.999988
63.945,0.999988
63.946,0.999988
63.947,0.999988
63.948,0.999988
63.949,0.999988
63.950,0.999988
63.951,0.999988
63.952,0.999988
63.953,0.999988
63.954,0.999988
63.955,0.999988
63.956,0.999988
63.957,0.999988
63.958,0.999988
63.959,0.999988
63.960,0.999988
63.961,0.999988
63.962,0.999988
63.963,0.999988
63.964,0.999988
63.965,0.999989
63.966,0.999989
63.967,0.999989
63.968,0.999989
63.969,0.999989
63.970,0.999989
63.971,0.999989
63.972,0.999989
63.973,0.999989
63.974,0.999989
63.975,0.999989
63.976,0.999989
63.977,0.999989
63.978,0.999989
63.979,0.999989
63.980,0.999989
63.981,0.999989
63.982,0.999989
63.983,0.999989
63.984,0.999989
63.985,0.999989
63.986,0.999989
63.987,0.999989
63.988,0.999989
63.989,0.999989
63.990,0.999989
63.991,0.999989
63.992,0.999989
63.993,0.999989
63.994,0.999989
63.995,0.999989
63.996,0.999989
63.997,0.999989
63.998,0.999989
63.999,0.999989
64.000,0.999989
64.001,0.999989
64.002,0.999989
64.003,0.999989
64.004,0.999989
64.005,0.999989
64.006,0.999989
64.007,0.999989
64.008,0.999989
64.009,0.999989
64.010,0.999989
64.011,0.999989
64.012,0.999989
64.013,0.999989
64.014,0.999989
64.015,0.999989
64.016,0.999989
64.017,0.999989
64.018,0.999989
64.019,0.999989
64.020,0.999989
64.021,0.999989
64.022,0.999989
64.023,0.999989
64.024,0.999989
64.025,0.999989
64.026,0.999989
64.027,0.999989
64.028,0.999989
64.029,0.999989
64.030,0.999989
64.031,0.999989
64.032,0.999989
64.033,0.999989
64.034,0.999989
64.035,0.999989
64.036,0.999989
64.037,0.999989
64.038,0.999989
64.039,0.999989
64.040,0.999989
64.041,0.999989
64.042,0.999989
64.043,0.999989
64.044,0.999990
64.045,0.999990
64.046,0.999990
64.047,0.999990
64.048,0.999990
64.049,0.999990
64.050,0.999990
64.051,0.999990
64.052,0.999990
64.053,0.999990
64.054,0.999990
64.055,0.999990
64.056,0.999990
64.057,0.999990
64.058,0.999990
64.059,0.999990
64.060,0.999990
64.061,0.999990
64.062,0.999990
64.063,0.999990
64.064,0.999990
64.065,0.999990
64.066,0.999990
64.067,0.999990
64.068,0.999990
64.069,0.999990
64.070,0.999990
64.071,0.999990
64.072,0.999990
64.073,0.999990
64.074,0.999990
64.075,0.999990
64.076,0.999990
64.077,0.999990
64.078,0.999990
64.079,0.999990
64.080,0.999990
64.081,0.999990
64.082,0.999990
64.083,0.999990
64.084,0.999990
64.085,0.999990
64.086,0.999990
64.087,0.999990
64.088,0.999990
64.089,0.999990
64.090,0.999990
64.091,0.999990
64.092,0.999990
64.093,0.999990
64.094,0.999990
64.095,0.999990
64.096,0.999990
64.097,0.999990
64.098,0.999990
64.099,0.999990
64.100,0.999990
64.101,0.999990
64.102,0.999990
64.103,0.999990
64.104,0.999990
64.105,0.999990
64.106,0.999990
64.107,0.999990
64.108,0.999990
64.109,0.999990
64.110,0.999990
64.111,0.999990
64.112,0.999990
64.113,0.999990
64.114,0.999990
64.115,0.999990
64.116,0.999990
64.117,0.999990
64.118,0.999990
64.119,0.999990
64.120,0.999990
64.121,0.999990
64.122,0.999990
64.123,0.999990
64.124,0.999990
64.125,0.999990
64.126,0.999990
64.127,0.999990
64.128,0.999990
64.129,0.999990
64.130,0.999990
64.131,0.999990
64.132,0.999990
64.133,0.999991
64.134,0.999991
64.135,0.999991
64.136,0.999991
64.137,0.999991
64.138,0.999991
64.139,0.999991
64.140,0.999991
64.141,0.999991
64.142,0.999991
64.143,0.999991
64.144,0.999991
64.145,0.999991
64.146,0.999991
64.147,0.999991
64.148,0.999991
64.149,0.999991
64.150,0.999991
64.151,0.999991
64.152,0.999991
64.153,0.999991
64.154,0.999991
64.155,0.999991
64.156,0.999991
64.157,0.999991
64.158,0.999991
64.159,0.999991
64.160,0.999991
64.161,0.999991
64.162,0.999991
64.163,0.999991
64.164,0.999991
64.165,0.999991
64.166,0.999991
64.167,0.999991
64.168,0.999991
64.169,0.999991
64.170,0.999991
64.171,0.999991
64.172,0.999991
64.173,0.999991
64.174,0.999991
64.175,0.999991
64.176,0.999991
64.177,0.999991
64.178,0.999991
64.179,0.999991
64.180,0.999991
64.181,0.999991
64.182,0.999991
64.183,0.999991
64.184,0.999991
64.185,0.999991
64.186,0.999991
64.187,0.999991
64.188,0.999991
64.189,0.999991
64.190,0.999991
64.191,0.999991
64.192,0.999991
64.193,0.999991
64.194,0.999991
64.195,0.999991
64.196,0.999991
64.197,0.999991
64.198,0.999991
64.199,0.999991
64.200,0.999991
64.201,0.999991
64.202,0.999991
64.203,0.999991
64.204,0.999991
64.205,0.999991
64.206,0.999991
64.207,0.999991
64.208,0.999991
64.209,0.999991
64.210,0.999991
64.211,0.999991
64.212,0.999991
64.213,0.999991
64.214,0.999991
64.215,0.999991
64.216,0.999991
64.217,0.999991
64.218,0.999991
64.219,0.999991
64.220,0.999991
64.221,0.999991
64.222,0.999991
64.223,0.999991
64.224,0.999991
64.225,0.999991
64.226,0.999991
64.227,0.999991
64.228,0.999991
64.229,0.999991
64.230,0.999991
64.231,0.999991
64.232,0.999991
64.233,0.999991
64.234,0.999991
64.235,0.999992
64.236,0.999992
64.237,0.999992
64.238,0.999992
64.239,0.999992
64.240,0.999992
64.241,0.999992
64.242,0.999992
64.243,0.999992
64.244,0.999992
64.245,0.999992
64.246,0.999992
64.247,0.999992
64.248,0.999992
64.249,0.999992
64.250,0.999992
64.251,0.999992
64.252,0.999992
64.253,0.999992
64.254,0.999992
64.255,0.999992
64.256,0.999992
64.257,0.999992
64.258,0.999992
64.259,0.999992
64.260,0.999992
64.261,0.999992
64.262,0.999992
64.263,0.999992
64.264,0.999992
64.265,0.999992
64.266,0.999992
64.267,0.999992
64.268,0.999992
64.269,0.999992
64.270,0.999992
64.271,0.999992
64.272,0.999992
64.273,0.999992
64.274,0.999992
64.275,0.999992
64.276,0.999992
64.277,0.999992
64.278,0.999992
64.279,0.999992
64.280,0.999992
64.281,0.999992
64.282,0.999992
64.283,0.999992
64.284,0.999992
64.285,0.999992
64.286,0.999992
64.287,0.999992
64.288,0.999992
64.289,0.999992
64.290,0.999992
64.291,0.999992
64.292,0.999992
64.293,0.999992
64.294,0.999992
64.295,0.999992
64.296,0.999992
64.297,0.999992
64.298,0.999992
64.299,0.999992
64.300,0.999992
64.301,0.999992
64.302,0.999992
64.303,0.999992
64.304,0.999992
64.305,0.999992
64.306,0.999992
64.307,0.999992
64.308,0.999992
64.309,0.999992
64.310,0.999992
64.311,0.999992
64.312,0.999992
64.313,0.999992
64.314,0.999992
64.315,0.999992
64.316,0.999992
64.317,0.999992
64.318,0.999992
64.319,0.999992
64.320,0.999992
64.321,0.999992
64.322,0.999992
64.323,0.999992
64.324,0.999992
64.325,0.999992
64.326,0.999992
64.327,0.999992
64.328,0.999992
64.329,0.999992
64.330,0.999992
64.331,0.999992
64.332,0.999992
64.333,0.999992
64.334,0.999992
64.335,0.999992
64.336,0.999992
64.337,0.999992
64.338,0.999992
64.339,0.999992
64.340,0.999992
64.341,0.999992
64.342,0.999992
64.343,0.999992
64.344,0.999992
64.345,0.999992
64.346,0.999992
64.347,0.999992
64.348,0.999992
64.349,0.999992
64.350,0.999992
64.351,0.999992
64.352,0.999992
64.353,0.999993
64.354,0.999993
64.355,0.999993
64.356,0.999993
64.357,0.999993
64.358,0.999993
64.359,0.999993
64.360,0.999993
64.361,0.999993
64.362,0.999993
64.363,0.999993
64.364,0.999993
64.365,0.999993
64.366,0.999993
64.367,0.999993
64.368,0.999993
64.369,0.999993
64.370,0.999993
64.371,0.999993
64.372,0.999993
64.373,0.999993
64.374,0.999993
64.375,0.999993
64.376,0.999993
64.377,0.999993
64.378,0.999993
64.379,0.999993
64.380,0.999993
64.381,0.999993
64.382,0.999993
64.383,0.999993
64.384,0.999993
64.385,0.999993
64.386,0.999993
64.387,0.999993
64.388,0.999993
64.389,0.999993
64.390,0.999993
64.391,0.999993
64.392,0.999993
64.393,0.999993
64.394,0.999993
64.395,0.999993
64.396,0.999993
64.397,0.999993
64.398,0.999993
64.399,0.999993
64.400,0.999993
64.401,0.999993
64.402,0.999993
64.403,0.999993
64.404,0.999993
64.405,0.999993
64.406,0.999993
64.407,0.999993
64.408,0.999993
64.409,0.999993
64.410,0.999993
64.411,0.999993
64.412,0.999993
64.413,0.999993
64.414,0.999993
64.415,0.999993
64.416,0.999993
64.417,0.999993
64.418,0.999993
64.419,0.999993
64.420,0.999993
64.421,0.999993
64.422,0.999993
64.423,0.999993
64.424,0.999993
64.425,0.999993
64.426,0.999993
64.427,0.999993
64.428,0.999993
64.429,0.999993
64.430,0.999993
64.431,0.999993
64.432,0.999993
64.433,0.999993
64.434,0.999993
64.435,0.999993
64.436,0.999993
64.437,0.999993
64.438,0.999993
64.439,0.999993
64.440,0.999993
64.441,0.999993
64.442,0.999993
64.443,0.999993
64.444,0.999993
64.445,0.999993
64.446,0.999993
64.447,0.999993
64.448,0.999993
64.449,0.999993
64.450,0.999993
64.451,0.999993
64.452,0.999993
64.453,0.999993
64.454,0.999993
64.455,0.999993
64.456,0.999993
64.457,0.999993
64.458,0.999993
64.459,0.999993
64.460,0.999993
64.461,0.999993
64.462,0.999993
64.463,0.999993
64.464,0.999993
64.465,0.999993
64.466,0.999993
64.467,0.999993
64.468,0.999993
64.469,0.999993
64.470,0.999993
64.471,0.999993
64.472,0.999993
64.473,0.999993
64.474,0.999993
64.475,0.999993
64.476,0.999993
64.477,0.999993
64.478,0.999993
64.479,0.999993
64.480,0.999993
64.481,0.999993
64.482,0.999993
64.483,0.999993
64.484,0.999993
64.485,0.999993
64.486,0.999993
64.487,0.999993
64.488,0.999993
64.489,0.999993
64.490,0.999993
64.491,0.999993
64.492,0.999993
64.493,0.999994
64.494,0.999994
64.495,0.999994
64.496,0.999994
64.497,0.999994
64.498,0.999994
64.499,0.999994
64.500,0.999994
64.501,0.999994
64.502,0.999994
64.503,0.999994
64.504,0.999994
64.505,0.999994
64.506,0.999994
64.507,0.999994
64.508,0.999994
64.509,0.999994
64.510,0.999994
64.511,0.999994
64.512,0.999994
64.513,0.999994
64.514,0.999994
64.515,0.999994
64.516,0.999994
64.517,0.999994
64.518,0.999994
64.519,0.999994
64.520,0.999994
64.521,0.999994
64.522,0.999994
64.523,0.999994
64.524,0.999994
64.525,0.999994
64.526,0.999994
64.527,0.999994
64.528,0.999994
64.529,0.999994
64.530,0.999994
64.531,0.999994
64.532,0.999994
64.533,0.999994
64.534,0.999994
64.535,0.999994
64.536,0.999994
64.537,0.999994
64.538,0.999994
64.539,0.999994
64.540,0.999994
64.541,0.999994
64.542,0.999994
64.543,0.999994
64.544,0.999994
64.545,0.999994
64.546,0.999994
64.547,0.999994
64.548,0.999994
64.549,0.999994
64.550,0.999994
64.551,0.999994
64.552,0.999994
64.553,0.999994
64.554,0.999994
64.555,0.999994
64.556,0.999994
64.557,0.999994
64.558,0.999994
64.559,0.999994
64.560,0.999994
64.561,0.999994
64.562,0.999994
64.563,0.999994
64.564,0.999994
64.565,0.999994
64.566,0.999994
64.567,0.999994
64.568,0.999994
64.569,0.999994
64.570,0.999994
64.571,0.999994
64.572,0.999994
64.573,0.999994
64.574,0.999994
64.575,0.999994
64.576,0.999994
64.577,0.999994
64.578,0.999994
64.579,0.999994
64.580,0.999994
64.581,0.999994
64.582,0.999994
64.583,0.999994
64.584,0.999994
64.585,0.999994
64.586,0.999994
64.587,0.999994
64.588,0.999994
64.589,0.999994
64.590,0.999994
64.591,0.999994
64.592,0.999994
64.593,0.999994
64.594,0.999994
64.595,0.999994
64.596,0.999994
64.597,0.999994
64.598,0.999994
64.599,0.999994
64.600,0.999994
64.601,0.999994
64.602,0.999994
64.603,0.999994
64.604,0.999994
64.605,0.999994
64.606,0.999994
64.607,0.999994
64.608,0.999994
64.609,0.999994
64.610,0.999994
64.611,0.999994
64.612,0.999994
64.613,0.999994
64.614,0.999994
64.615,0.999994
64.616,0.999994
64.617,0.999994
64.618,0.999994
64.619,0.999994
64.620,0.999994
64.621,0.999994
64.622,0.999994
64.623,0.999994
64.624,0.999994
64.625,0.999994
64.626,0.999994
64.627,0.999994
64.628,0.999994
64.629,0.999994
64.630,0.999994
64.631,0.999994
64.632,0.999994
64.633,0.999994
64.634,0.999994
64.635,0.999994
64.636,0.999994
64.637,0.999994
64.638,0.999994
64.639,0.999994
64.640,0.999994
64.641,0.999994
64.642,0.999994
64.643,0.999994
64.644,0.999994
64.645,0.999994
64.646,0.999994
64.647,0.999994
64.648,0.999994
64.649,0.999994
64.650,0.999994
64.651,0.999994
64.652,0.999994
64.653,0.999994
64.654,0.999994
64.655,0.999994
64.656,0.999994
64.657,0.999994
64.658,0.999994
64.659,0.999994
64.660,0.999994
64.661,0.999994
64.662,0.999995
64.663,0.999995
64.664,0.999995
64.665,0.999995
64.666,0.999995
64.667,0.999995
64.668,0.999995
64.669,0.999995
64.670,0.999995
64.671,0.999995
64.672,0.999995
64.673,0.999995
64.674,0.999995
64.675,0.999995
64.676,0.999995
64.677,0.999995
64.678,0.999995
64.679,0.999995
64.680,0.999995
64.681,0.999995
64.682,0.999995
64.683,0.999995
64.684,0.999995
64.685,0.999995
64.686,0.999995
64.687,0.999995
64.688,0.999995
64.689,0.999995
64.690,0.999995
64.691,0.999995
64.692,0.999995
64.693,0.999995
64.694,0.999995
64.695,0.999995
64.696,0.999995
64.697,0.999995
64.698,0.999995
64.699,0.999995
64.700,0.999995
64.701,0.999995
64.702,0.999995
64.703,0.999995
64.704,0.999995
64.705,0.999995
64.706,0.999995
64.707,0.999995
64.708,0.999995
64.709,0.999995
64.710,0.999995
64.711,0.999995
64.712,0.999995
64.713,0.999995
64.714,0.999995
64.715,0.999995
64.716,0.999995
64.717,0.999995
64.718,0.999995
64.719,0.999995
64.720,0.999995
64.721,0.999995
64.722,0.999995
64.723,0.999995
64.724,0.999995
64.725,0.999995
64.726,0.999995
64.727,0.999995
64.728,0.999995
64.729,0.999995
64.730,0.999995
64.731,0.999995
64.732,0.999995
64.733,0.999995
64.734,0.999995
64.735,0.999995
64.736,0.999995
64.737,0.999995
64.738,0.999995
64.739,0.999995
64.740,0.999995
64.741,0.999995
64.742,0.999995
64.743,0.999995
64.744,0.999995
64.745,0.999995
64.746,0.999995
64.747,0.999995
64.748,0.999995
64.749,0.999995
64.750,0.999995
64.751,0.999995
64.752,0.999995
64.753,0.999995
64.754,0.999995
64.755,0.999995
64.756,0.999995
64.757,0.999995
64.758,0.999995
64.759,0.999995
64.760,0.999995
64.761,0.999995
64.762,0.999995
64.763,0.999995
64.764,0.999995
64.765,0.999995
64.766,0.999995
64.767,0.999995
64.768,0.999995
64.769,0.999995
64.770,0.999995
64.771,0.999995
64.772,0.999995
64.773,0.999995
64.774,0.999995
64.775,0.999995
64.776,0.999995
64.777,0.999995
64.778,0.999995
64.779,0.999995
64.780,0.999995
64.781,0.999995
64.782,0.999995
64.783,0.999995
64.784,0.999995
64.785,0.999995
64.786,0.999995
64.787,0.999995
64.788,0.999995
64.789,0.999995
64.790,0.999995
64.791,0.999995
64.792,0.999995
64.793,0.999995
64.794,0.999995
64.795,0.999995
64.796,0.999995
64.797,0.999995
64.798,0.999995
64.799,0.999995
64.800,0.999995
64.801,0.999995
64.802,0.999995
64.803,0.999995
64.804,0.999995
64.805,0.999995
64.806,0.999995
64.807,0.999995
64.808,0.999995
64.809,0.999995
64.810,0.999995
64.811,0.999995
64.812,0.999995
64.813,0.999995
64.814,0.999995
64.815,0.999995
64.816,0.999995
64.817,0.999995
64.818,0.999995
64.819,0.999995
64.820,0.999995
64.821,0.999995
64.822,0.999995
64.823,0.999995
64.824,0.999995
64.825,0.999995
64.826,0.999995
64.827,0.999995
64.828,0.999995
64.829,0.999995
64.830,0.999995
64.831,0.999995
64.832,0.999995
64.833,0.999995
64.834,0.999995
64.835,0.999995
64.836,0.999995
64.837,0.999995
64.838,0.999995
64.839,0.999995
64.840,0.999995
64.841,0.999995
64.842,0.999995
64.843,0.999995
64.844,0.999995
64.845,0.999995
64.846,0.999995
64.847,0.999995
64.848,0.999995
64.849,0.999995
64.850,0.999995
64.851,0.999995
64.852,0.999995
64.853,0.999995
64.854,0.999995
64.855,0.999995
64.856,0.999995
64.857,0.999995
64.858,0.999995
64.859,0.999995
64.860,0.999995
64.861,0.999995
64.862,0.999995
64.863,0.999995
64.864,0.999995
64.865,0.999995
64.866,0.999995
64.867,0.999995
64.868,0.999995
64.869,0.999995
64.870,0.999995
64.871,0.999995
64.872,0.999995
64.873,0.999995
64.874,0.999996
64.875,0.999996
64.876,0.999996
64.877,0.999996
64.878,0.999996
64.879,0.999996
64.880,0.999996
64.881,0.999996
64.882,0.999996
64.883,0.999996
64.884,0.999996
64.885,0.999996
64.886,0.999996
64.887,0.999996
64.888,0.999996
64.889,0.999996
64.890,0.999996
64.891,0.999996
64.892,0.999996
64.893,0.999996
64.894,0.999996
64.895,0.999996
64.896,0.999996
64.897,0.999996
64.898,0.999996
64.899,0.999996
64.900,0.999996
64.901,0.999996
64.902,0.999996
64.903,0.999996
64.904,0.999996
64.905,0.999996
64.906,0.999996
64.907,0.999996
64.908,0.999996
64.909,0.999996
64.910,0.999996
64.911,0.999996
64.912,0.999996
64.913,0.999996
64.914,0.999996
64.915,0.999996
64.916,0.999996
64.917,0.999996
64.918,0.999996
64.919,0.999996
64.920,0.999996
64.921,0.999996
64.922,0.999996
64.923,0.999996
64.924,0.999996
64.925,0.999996
64.926,0.999996
64.927,0.999996
64.928,0.999996
64.929,0.999996
64.930,0.999996
64.931,0.999996
64.932,0.999996
64.933,0.999996
64.934,0.999996
64.935,0.999996
64.936,0.999996
64.937,0.999996
64.938,0.999996
64.939,0.999996
64.940,0.999996
64.941,0.999996
64.942,0.999996
64.943,0.999996
64.944,0.999996
64.945,0.999996
64.946,0.999996
64.947,0.999996
64.948,0.999996
64.949,0.999996
64.950,0.999996
64.951,0.999996
64.952,0.999996
64.953,0.999996
64.954,0.999996
64.955,0.999996
64.956,0.999996
64.957,0.999996
64.958,0.999996
64.959,0.999996
64.960,0.999996
64.961,0.999996
64.962,0.999996
64.963,0.999996
64.964,0.999996
64.965,0.999996
64.966,0.999996
64.967,0.999996
64.968,0.999996
64.969,0.999996
64.970,0.999996
64.971,0.999996
64.972,0.999996
64.973,0.999996
64.974,0.999996
64.975,0.999996
64.976,0.999996
64.977,0.999996
64.978,0.999996
64.979,0.999996
64.980,0.999996
64.981,0.999996
64.982,0.999996
64.983,0.999996
64.984,0.999996
64.985,0.999996
64.986,0.999996
64.987,0.999996
64.988,0.999996
64.989,0.999996
64.990,0.999996
64.991,0.999996
64.992,0.999996
64.993,0.999996
64.994,0.999996
64.995,0.999996
64.996,0.999996
64.997,0.999996
64.998,0.999996
64.999,0.999996
65.000,0.999996
65.001,0.999996
65.002,0.999996
65.003,0.999996
65.004,0.999996
65.005,0.999996
65.006,0.999996
65.007,0.999996
65.008,0.999996
65.009,0.999996
65.010,0.999996
65.011,0.999996
65.012,0.999996
65.013,0.999996
65.014,0.999996
65.015,0.999996
65.016,0.999996
65.017,0.999996
65.018,0.999996
65.019,0.999996
65.020,0.999996
65.021,0.999996
65.022,0.999996
65.023,0.999996
65.024,0.999996
65.025,0.999996
65.026,0.999996
65.027,0.999996
65.028,0.999996
65.029,0.999996
65.030,0.999996
65.031,0.999996
65.032,0.999996
65.033,0.999996
65.034,0.999996
65.035,0.999996
65.036,0.999996
65.037,0.999996
65.038,0.999996
65.039,0.999996
65.040,0.999996
65.041,0.999996
65.042,0.999996
65.043,0.999996
65.044,0.999996
65.045,0.999996
65.046,0.999996
65.047,0.999996
65.048,0.999996
65.049,0.999996
65.050,0.999996
65.051,0.999996
65.052,0.999996
65.053,0.999996
65.054,0.999996
65.055,0.999996
65.056,0.999996
65.057,0.999996
65.058,0.999996
65.059,0.999996
65.060,0.999996
65.061,0.999996
65.062,0.999996
65.063,0.999996
65.064,0.999996
65.065,0.999996
65.066,0.999996
65.067,0.999996
65.068,0.999996
65.069,0.999996
65.070,0.999996
65.071,0.999996
65.072,0.999996
65.073,0.999996
65.074,0.999996
65.075,0.999996
65.076,0.999996
65.077,0.999996
65.078,0.999996
65.079,0.999996
65.080,0.999996
65.081,0.999996
65.082,0.999996
65.083,0.999996
65.084,0.999996
65.085,0.999996
65.086,0.999996
65.087,0.999996
65.088,0.999996
65.089,0.999996
65.090,0.999996
65.091,0.999996
65.092,0.999996
65.093,0.999996
65.094,0.999996
65.095,0.999996
65.096,0.999996
65.097,0.999996
65.098,0.999996
65.099,0.999996
65.100,0.999996
65.101,0.999996
65.102,0.999996
65.103,0.999996
65.104,0.999996
65.105,0.999996
65.106,0.999996
65.107,0.999996
65.108,0.999996
65.109,0.999996
65.110,0.999996
65.111,0.999996
65.112,0.999996
65.113,0.999996
65.114,0.999996
65.115,0.999996
65.116,0.999996
65.117,0.999996
65.118,0.999996
65.119,0.999996
65.120,0.999996
65.121,0.999996
65.122,0.999996
65.123,0.999996
65.124,0.999996
65.125,0.999996
65.126,0.999996
65.127,0.999996
65.128,0.999996
65.129,0.999996
65.130,0.999996
65.131,0.999996
65.132,0.999996
65.133,0.999996
65.134,0.999996
65.135,0.999996
65.136,0.999996
65.137,0.999996
65.138,0.999996
65.139,0.999996
65.140,0.999996
65.141,0.999996
65.142,0.999996
65.143,0.999996
65.144,0.999996
65.145,0.999996
65.146,0.999996
65.147,0.999996
65.148,0.999996
65.149,0.999996
65.150,0.999996
65.151,0.999996
65.152,0.999997
65.153,0.999997
65.154,0.999997
65.155,0.999997
65.156,0.999997
65.157,0.999997
65.158,0.999997
65.159,0.999997
65.160,0.999997
65.161,0.999997
65.162,0.999997
65.163,0.999997
65.164,0.999997
65.165,0.999997
65.166,0.999997
65.167,0.999997
65.168,0.999997
65.169,0.999997
65.170,0.999997
65.171,0.999997
65.172,0.999997
65.173,0.999997
65.174,0.999997
65.175,0.999997
65.176,0.999997
65.177,0.999997
65.178,0.999997
65.179,0.999997
65.180,0.999997
65.181,0.999997
65.182,0.999997
65.183,0.999997
65.184,0.999997
65.185,0.999997
65.186,0.999997
65.187,0.999997
65.188,0.999997
65.189,0.999997
65.190,0.999997
65.191,0.999997
65.192,0.999997
65.193,0.999997
65.194,0.999997
65.195,0.999997
65.196,0.999997
65.197,0.999997
65.198,0.999997
65.199,0.999997
65.200,0.999997
65.201,0.999997
65.202,0.999997
65.203,0.999997
65.204,0.999997
65.205,0.999997
65.206,0.999997
65.207,0.999997
65.208,0.999997
65.209,0.999997
65.210,0.999997
65.211,0.999997
65.212,0.999997
65.213,0.999997
65.214,0.999997
65.215,0.999997
65.216,0.999997
65.217,0.999997
65.218,0.999997
65.219,0.999997
65.220,0.999997
65.221,0.999997
65.222,0.999997
65.223,0.999997
65.224,0.999997
65.225,0.999997
65.226,0.999997
65.227,0.999997
65.228,0.999997
65.229,0.999997
65.230,0.999997
65.231,0.999997
65.232,0.999997
65.233,0.999997
65.234,0.999997
65.235,0.999997
65.236,0.999997
65.237,0.999997
65.238,0.999997
65.239,0.999997
65.240,0.999997
65.241,0.999997
65.242,0.999997
65.243,0.999997
65.244,0.999997
65.245,0.999997
65.246,0.999997
65.247,0.999997
65.248,0.999997
65.249,0.999997
65.250,0.999997
65.251,0.999997
65.252,0.999997
65.253,0.999997
65.254,0.999997
65.255,0.999997
65.256,0.999997
65.257,0.999997
65.258,0.999997
65.259,0.999997
65.260,0.999997
65.261,0.999997
65.262,0.999997
65.263,0.999997
65.264,0.999997
65.265,0.999997
65.266,0.999997
65.267,0.999997
65.268,0.999997
65.269,0.999997
65.270,0.999997
65.271,0.999997
65.272,0.999997
65.273,0.999997
65.274,0.999997
65.275,0.999997
65.276,0.999997
65.277,0.999997
65.278,0.999997
65.279,0.999997
65.280,0.999997
65.281,0.999997
65.282,0.999997
65.283,0.999997
65.284,0.999997
65.285,0.999997
65.286,0.999997
65.287,0.999997
65.288,0.999997
65.289,0.999997
65.290,0.999997
65.291,0.999997
65.292,0.999997
65.293,0.999997
65.294,0.999997
65.295,0.999997
65.296,0.999997
65.297,0.999997
65.298,0.999997
65.299,0.999997
65.300,0.999997
65.301,0.999997
65.302,0.999997
65.303,0.999997
65.304,0.999997
65.305,0.999997
65.306,0.999997
65.307,0.999997
65.308,0.999997
65.309,0.999997
65.310,0.999997
65.311,0.999997
65.312,0.999997
65.313,0.999997
65.314,0.999997
65.315,0.999997
65.316,0.999997
65.317,0.999997
65.318,0.999997
65.319,0.999997
65.320,0.999997
65.321,0.999997
65.322,0.999997
65.323,0.999997
65.324,0.999997
65.325,0.999997
65.326,0.999997
65.327,0.999997
65.328,0.999997
65.329,0.999997
65.330,0.999997
65.331,0.999997
65.332,0.999997
65.333,0.999997
65.334,0.999997
65.335,0.999997
65.336,0.999997
65.337,0.999997
65.338,0.999997
65.339,0.999997
65.340,0.999997
65.341,0.999997
65.342,0.999997
65.343,0.999997
65.344,0.999997
65.345,0.999997
65.346,0.999997
65.347,0.999997
65.348,0.999997
65.349,0.999997
65.350,0.999997
65.351,0.999997
65.352,0.999997
65.353,0.999997
65.354,0.999997
65.355,0.999997
65.356,0.999997
65.357,0.999997
65.358,0.999997
65.359,0.999997
65.360,0.999997
65.361,0.999997
65.362,0.999997
65.363,0.999997
65.364,0.999997
65.365,0.999997
65.366,0.999997
65.367,0.999997
65.368,0.999997
65.369,0.999997
65.370,0.999997
65.371,0.999997
65.372,0.999997
65.373,0.999997
65.374,0.999997
65.375,0.999997
65.376,0.999997
65.377,0.999997
65.378,0.999997
65.379,0.999997
65.380,0.999997
65.381,0.999997
65.382,0.999997
65.383,0.999997
65.384,0.999997
65.385,0.999997
65.386,0.999997
65.387,0.999997
65.388,0.999997
65.389,0.999997
65.390,0.999997
65.391,0.999997
65.392,0.999997
65.393,0.999997
65.394,0.999997
65.395,0.999997
65.396,0.999997
65.397,0.999997
65.398,0.999997
65.399,0.999997
65.400,0.999997
65.401,0.999997
65.402,0.999997
65.403,0.999997
65.404,0.999997
65.405,0.999997
65.406,0.999997
65.407,0.999997
65.408,0.999997
65.409,0.999997
65.410,0.999997
65.411,0.999997
65.412,0.999997
65.413,0.999997
65.414,0.999997
65.415,0.999997
65.416,0.999997
65.417,0.999997
65.418,0.999997
65.419,0.999997
65.420,0.999997
65.421,0.999997
65.422,0.999997
65.423,0.999997
65.424,0.999997
65.425,0.999997
65.426,0.999997
65.427,0.999997
65.428,0.999997
65.429,0.999997
65.430,0.999997
65.431,0.999997
65.432,0.999997
65.433,0.999997
65.434,0.999997
65.435,0.999997
65.436,0.999997
65.437,0.999997
65.438,0.999997
65.439,0.999997
65.440,0.999997
65.441,0.999997
65.442,0.999997
65.443,0.999997
65.444,0.999997
65.445,0.999997
65.446,0.999997
65.447,0.999997
65.448,0.999997
65.449,0.999997
65.450,0.999997
65.451,0.999997
65.452,0.999997
65.453,0.999997
65.454,0.999997
65.455,0.999997
65.456,0.999997
65.457,0.999997
65.458,0.999997
65.459,0.999997
65.460,0.999997
65.461,0.999997
65.462,0.999997
65.463,0.999997
65.464,0.999997
65.465,0.999997
65.466,0.999997
65.467,0.999997
65.468,0.999997
65.469,0.999997
65.470,0.999997
65.471,0.999997
65.472,0.999997
65.473,0.999997
65.474,0.999997
65.475,0.999997
65.476,0.999997
65.477,0.999997
65.478,0.999997
65.479,0.999997
65.480,0.999997
65.481,0.999997
65.482,0.999997
65.483,0.999997
65.484,0.999997
65.485,0.999997
65.486,0.999997
65.487,0.999997
65.488,0.999997
65.489,0.999997
65.490,0.999997
65.491,0.999997
65.492,0.999997
65.493,0.999997
65.494,0.999997
65.495,0.999997
65.496,0.999997
65.497,0.999997
65.498,0.999997
65.499,0.999997
65.500,0.999997
65.501,0.999997
65.502,0.999997
65.503,0.999997
65.504,0.999997
65.505,0.999997
65.506,0.999997
65.507,0.999997
65.508,0.999997
65.509,0.999997
65.510,0.999997
65.511,0.999997
65.512,0.999997
65.513,0.999997
65.514,0.999997
65.515,0.999997
65.516,0.999997
65.517,0.999997
65.518,0.999997
65.519,0.999997
65.520,0.999997
65.521,0.999997
65.522,0.999997
65.523,0.999997
65.524,0.999997
65.525,0.999997
65.526,0.999997
65.527,0.999997
65.528,0.999997
65.529,0.999997
65.530,0.999997
65.531,0.999997
65.532,0.999997
65.533,0.999997
65.534,0.999997
65.535,0.999997
65.536,0.999997
65.537,0.999997
65.538,0.999997
65.539,0.999997
65.540,0.999997
65.541,0.999997
65.542,0.999997
65.543,0.999997
65.544,0.999997
65.545,0.999997
65.546,0.999997
65.547,0.999998
65.548,0.999998
65.549,0.999998
65.550,0.999998
65.551,0.999998
65.552,0.999998
65.553,0.999998
65.554,0.999998
65.555,0.999998
65.556,0.999998
65.557,0.999998
65.558,0.999998
65.559,0.999998
65.560,0.999998
65.561,0.999998
65.562,0.999998
65.563,0.999998
65.564,0.999998
65.565,0.999998
65.566,0.999998
65.567,0.999998
65.568,0.999998
65.569,0.999998
65.570,0.999998
65.571,0.999998
65.572,0.999998
65.573,0.999998
65.574,0.999998
65.575,0.999998
65.576,0.999998
65.577,0.999998
65.578,0.999998
65.579,0.999998
65.580,0.999998
65.581,0.999998
65.582,0.999998
65.583,0.999998
65.584,0.999998
65.585,0.999998
65.586,0.999998
65.587,0.999998
65.588,0.999998
65.589,0.999998
65.590,0.999998
65.591,0.999998
65.592,0.999998
65.593,0.999998
65.594,0.999998
65.595,0.999998
65.596,0.999998
65.597,0.999998
65.598,0.999998
65.599,0.999998
65.600,0.999998
65.601,0.999998
65.602,0.999998
65.603,0.999998
65.604,0.999998
65.605,0.999998
65.606,0.999998
65.607,0.999998
65.608,0.999998
65.609,0.999998
65.610,0.999998
65.611,0.999998
65.612,0.999998
65.613,0.999998
65.614,0.999998
65.615,0.999998
65.616,0.999998
65.617,0.999998
65.618,0.999998
65.619,0.999998
65.620,0.999998
65.621,0.999998
65.622,0.999998
65.623,0.999998
65.624,0.999998
65.625,0.999998
65.626,0.999998
65.627,0.999998
65.628,0.999998
65.629,0.999998
65.630,0.999998
65.631,0.999998
65.632,0.999998
65.633,0.999998
65.634,0.999998
65.635,0.999998
65.636,0.999998
65.637,0.999998
65.638,0.999998
65.639,0.999998
65.640,0.999998
65.641,0.999998
65.642,0.999998
65.643,0.999998
65.644,0.999998
65.645,0.999998
65.646,0.999998
65.647,0.999998
65.648,0.999998
65.649,0.999998
65.650,0.999998
65.651,0.999998
65.652,0.999998
65.653,0.999998
65.654,0.999998
65.655,0.999998
65.656,0.999998
65.657,0.999998
65.658,0.999998
65.659,0.999998
65.660,0.999998
65.661,0.999998
65.662,0.999998
65.663,0.999998
65.664,0.999998
65.665,0.999998
65.666,0.999998
65.667,0.999998
65.668,0.999998
65.669,0.999998
65.670,0.999998
65.671,0.999998
65.672,0.999998
65.673,0.999998
65.674,0.999998
65.675,0.999998
65.676,0.999998
65.677,0.999998
65.678,0.999998
65.679,0.999998
65.680,0.999998
65.681,0.999998
65.682,0.999998
65.683,0.999998
65.684,0.999998
65.685,0.999998
65.686,0.999998
65.687,0.999998
65.688,0.999998
65.689,0.999998
65.690,0.999998
65.691,0.999998
65.692,0.999998
65.693,0.999998
65.694,0.999998
65.695,0.999998
65.696,0.999998
65.697,0.999998
65.698,0.999998
65.699,0.999998
65.700,0.999998
65.701,0.999998
65.702,0.999998
65.703,0.999998
65.704,0.999998
65.705,0.999998
65.706,0.999998
65.707,0.999998
65.708,0.999998
65.709,0.999998
65.710,0.999998
65.711,0.999998
65.712,0.999998
65.713,0.999998
65.714,0.999998
65.715,0.999998
65.716,0.999998
65.717,0.999998
65.718,0.999998
65.719,0.999998
65.720,0.999998
65.721,0.999998
65.722,0.999998
65.723,0.999998
65.724,0.999998
65.725,0.999998
65.726,0.999998
65.727,0.999998
65.728,0.999998
65.729,0.999998
65.730,0.999998
65.731,0.999998
65.732,0.999998
65.733,0.999998
65.734,0.999998
65.735,0.999998
65.736,0.999998
65.737,0.999998
65.738,0.999998
65.739,0.999998
65.740,0.999998
65.741,0.999998
65.742,0.999998
65.743,0.999998
65.744,0.999998
65.745,0.999998
65.746,0.999998
65.747,0.999998
65.748,0.999998
65.749,0.999998
65.750,0.999998
65.751,0.999998
65.752,0.999998
65.753,0.999998
65.754,0.999998
65.755,0.999998
65.756,0.999998
65.757,0.999998
65.758,0.999998
65.759,0.999998
65.760,0.999998
65.761,0.999998
65.762,0.999998
65.763,0.999998
65.764,0.999998
65.765,0.999998
65.766,0.999998
65.767,0.999998
65.768,0.999998
65.769,0.999998
65.770,0.999998
65.771,0.999998
65.772,0.999998
65.773,0.999998
65.774,0.999998
65.775,0.999998
65.776,0.999998
65.777,0.999998
65.778,0.999998
65.779,0.999998
65.780,0.999998
65.781,0.999998
65.782,0.999998
65.783,0.999998
65.784,0.999998
65.785,0.999998
65.786,0.999998
65.787,0.999998
65.788,0.999998
65.789,0.999998
65.790,0.999998
65.791,0.999998
65.792,0.999998
65.793,0.999998
65.794,0.999998
65.795,0.999998
65.796,0.999998
65.797,0.999998
65.798,0.999998
65.799,0.999998
65.800,0.999998
65.801,0.999998
65.802,0.999998
65.803,0.999998
65.804,0.999998
65.805,0.999998
65.806,0.999998
65.807,0.999998
65.808,0.999998
65.809,0.999998
65.810,0.999998
65.811,0.999998
65.812,0.999998
65.813,0.999998
65.814,0.999998
65.815,0.999998
65.816,0.999998
65.817,0.999998
65.818,0.999998
65.819,0.999998
65.820,0.999998
65.821,0.999998
65.822,0.999998
65.823,0.999998
65.824,0.999998
65.825,0.999998
65.826,0.999998
65.827,0.999998
65.828,0.999998
65.829,0.999998
65.830,0.999998
65.831,0.999998
65.832,0.999998
65.833,0.999998
65.834,0.999998
65.835,0.999998
65.836,0.999998
65.837,0.999998
65.838,0.999998
65.839,0.999998
65.840,0.999998
65.841,0.999998
65.842,0.999998
65.843,0.999998
65.844,0.999998
65.845,0.999998
65.846,0.999998
65.847,0.999998
65.848,0.999998
65.849,0.999998
65.850,0.999998
65.851,0.999998
65.852,0.999998
65.853,0.999998
65.854,0.999998
65.855,0.999998
65.856,0.999998
65.857,0.999998
65.858,0.999998
65.859,0.999998
65.860,0.999998
65.861,0.999998
65.862,0.999998
65.863,0.999998
65.864,0.999998
65.865,0.999998
65.866,0.999998
65.867,0.999998
65.868,0.999998
65.869,0.999998
65.870,0.999998
65.871,0.999998
65.872,0.999998
65.873,0.999998
65.874,0.999998
65.875,0.999998
65.876,0.999998
65.877,0.999998
65.878,0.999998
65.879,0.999998
65.880,0.999998
65.881,0.999998
65.882,0.999998
65.883,0.999998
65.884,0.999998
65.885,0.999998
65.886,0.999998
65.887,0.999998
65.888,0.999998
65.889,0.999998
65.890,0.999998
65.891,0.999998
65.892,0.999998
65.893,0.999998
65.894,0.999998
65.895,0.999998
65.896,0.999998
65.897,0.999998
65.898,0.999998
65.899,0.999998
65.900,0.999998
65.901,0.999998
65.902,0.999998
65.903,0.999998
65.904,0.999998
65.905,0.999998
65.906,0.999998
65.907,0.999998
65.908,0.999998
65.909,0.999998
65.910,0.999998
65.911,0.999998
65.912,0.999998
65.913,0.999998
65.914,0.999998
65.915,0.999998
65.916,0.999998
65.917,0.999998
65.918,0.999998
65.919,0.999998
65.920,0.999998
65.921,0.999998
65.922,0.999998
65.923,0.999998
65.924,0.999998
65.925,0.999998
65.926,0.999998
65.927,0.999998
65.928,0.999998
65.929,0.999998
65.930,0.999998
65.931,0.999998
65.932,0.999998
65.933,0.999998
65.934,0.999998
65.935,0.999998
65.936,0.999998
65.937,0.999998
65.938,0.999998
65.939,0.999998
65.940,0.999998
65.941,0.999998
65.942,0.999998
65.943,0.999998
65.944,0.999998
65.945,0.999998
65.946,0.999998
65.947,0.999998
65.948,0.999998
65.949,0.999998
65.950,0.999998
65.951,0.999998
65.952,0.999998
65.953,0.999998
65.954,0.999998
65.955,0.999998
65.956,0.999998
65.957,0.999998
65.958,0.999998
65.959,0.999998
65.960,0.999998
65.961,0.999998
65.962,0.999998
65.963,0.999998
65.964,0.999998
65.965,0.999998
65.966,0.999998
65.967,0.999998
65.968,0.999998
65.969,0.999998
65.970,0.999998
65.971,0.999998
65.972,0.999998
65.973,0.999998
65.974,0.999998
65.975,0.999998
65.976,0.999998
65.977,0.999998
65.978,0.999998
65.979,0.999998
65.980,0.999998
65.981,0.999998
65.982,0.999998
65.983,0.999998
65.984,0.999998
65.985,0.999998
65.986,0.999998
65.987,0.999998
65.988,0.999998
65.989,0.999998
65.990,0.999998
65.991,0.999998
65.992,0.999998
65.993,0.999998
65.994,0.999998
65.995,0.999998
65.996,0.999998
65.997,0.999998
65.998,0.999998
65.999,0.999998
66.000,0.999998
66.001,0.999998
66.002,0.999998
66.003,0.999998
66.004,0.999998
66.005,0.999998
66.006,0.999998
66.007,0.999998
66.008,0.999998
66.009,0.999998
66.010,0.999998
66.011,0.999998
66.012,0.999998
66.013,0.999998
66.014,0.999998
66.015,0.999998
66.016,0.999998
66.017,0.999998
66.018,0.999998
66.019,0.999998
66.020,0.999998
66.021,0.999998
66.022,0.999998
66.023,0.999998
66.024,0.999998
66.025,0.999998
66.026,0.999998
66.027,0.999998
66.028,0.999998
66.029,0.999998
66.030,0.999998
66.031,0.999998
66.032,0.999998
66.033,0.999998
66.034,0.999998
66.035,0.999998
66.036,0.999998
66.037,0.999998
66.038,0.999998
66.039,0.999998
66.040,0.999998
66.041,0.999998
66.042,0.999998
66.043,0.999998
66.044,0.999998
66.045,0.999998
66.046,0.999998
66.047,0.999998
66.048,0.999998
66.049,0.999998
66.050,0.999998
66.051,0.999998
66.052,0.999998
66.053,0.999998
66.054,0.999998
66.055,0.999998
66.056,0.999998
66.057,0.999998
66.058,0.999998
66.059,0.999998
66.060,0.999998
66.061,0.999998
66.062,0.999998
66.063,0.999998
66.064,0.999998
66.065,0.999998
66.066,0.999998
66.067,0.999998
66.068,0.999998
66.069,0.999998
66.070,0.999998
66.071,0.999998
66.072,0.999998
66.073,0.999998
66.074,0.999998
66.075,0.999998
66.076,0.999998
66.077,0.999998
66.078,0.999998
66.079,0.999998
66.080,0.999998
66.081,0.999998
66.082,0.999998
66.083,0.999998
66.084,0.999998
66.085,0.999998
66.086,0.999998
66.087,0.999998
66.088,0.999998
66.089,0.999998
66.090,0.999998
66.091,0.999998
66.092,0.999998
66.093,0.999998
66.094,0.999998
66.095,0.999998
66.096,0.999998
66.097,0.999998
66.098,0.999998
66.099,0.999998
66.100,0.999998
66.101,0.999998
66.102,0.999998
66.103,0.999998
66.104,0.999998
66.105,0.999998
66.106,0.999998
66.107,0.999998
66.108,0.999998
66.109,0.999998
66.110,0.999998
66.111,0.999998
66.112,0.999998
66.113,0.999998
66.114,0.999998
66.115,0.999998
66.116,0.999998
66.117,0.999998
66.118,0.999998
66.119,0.999998
66.120,0.999998
66.121,0.999998
66.122,0.999998
66.123,0.999998
66.124,0.999998
66.125,0.999998
66.126,0.999998
66.127,0.999998
66.128,0.999998
66.129,0.999998
66.130,0.999998
66.131,0.999998
66.132,0.999998
66.133,0.999998
66.134,0.999998
66.135,0.999998
66.136,0.999998
66.137,0.999998
66.138,0.999998
66.139,0.999998
66.140,0.999998
66.141,0.999998
66.142,0.999998
66.143,0.999998
66.144,0.999998
66.145,0.999998
66.146,0.999998
66.147,0.999998
66.148,0.999998
66.149,0.999998
66.150,0.999998
66.151,0.999998
66.152,0.999998
66.153,0.999998
66.154,0.999998
66.155,0.999998
66.156,0.999998
66.157,0.999998
66.158,0.999998
66.159,0.999998
66.160,0.999998
66.161,0.999998
66.162,0.999998
66.163,0.999998
66.164,0.999998
66.165,0.999998
66.166,0.999998
66.167,0.999998
66.168,0.999998
66.169,0.999998
66.170,0.999998
66.171,0.999998
66.172,0.999998
66.173,0.999998
66.174,0.999998
66.175,0.999998
66.176,0.999998
66.177,0.999998
66.178,0.999998
66.179,0.999998
66.180,0.999998
66.181,0.999998
66.182,0.999998
66.183,0.999998
66.184,0.999998
66.185,0.999998
66.186,0.999998
66.187,0.999998
66.188,0.999998
66.189,0.999998
66.190,0.999998
66.191,0.999998
66.192,0.999998
66.193,0.999998
66.194,0.999998
66.195,0.999998
66.196,0.999999
66.197,0.999999
66.198,0.999999
66.199,0.999999
66.200,0.999999
66.201,0.999999
66.202,0.999999
66.203,0.999999
66.204,0.999999
66.205,0.999999
66.206,0.999999
66.207,0.999999
66.208,0.999999
66.209,0.999999
66.210,0.999999
66.211,0.999999
66.212,0.999999
66.213,0.999999
66.214,0.999999
66.215,0.999999
66.216,0.999999
66.217,0.999999
66.218,0.999999
66.219,0.999999
66.220,0.999999
66.221,0.999999
66.222,0.999999
66.223,0.999999
66.224,0.999999
66.225,0.999999
66.226,0.999999
66.227,0.999999
66.228,0.999999
66.229,0.999999
66.230,0.999999
66.231,0.999999
66.232,0.999999
66.233,0.999999
66.234,0.999999
66.235,0.999999
66.236,0.999999
66.237,0.999999
66.238,0.999999
66.239,0.999999
66.240,0.999999
66.241,0.999999
66.242,0.999999
66.243,0.999999
66.244,0.999999
66.245,0.999999
66.246,0.999999
66.247,0.999999
66.248,0.999999
66.249,0.999999
66.250,0.999999
66.251,0.999999
66.252,0.999999
66.253,0.999999
66.254,0.999999
66.255,0.999999
66.256,0.999999
66.257,0.999999
66.258,0.999999
66.259,0.999999
66.260,0.999999
66.261,0.999999
66.262,0.999999
66.263,0.999999
66.264,0.999999
66.265,0.999999
66.266,0.999999
66.267,0.999999
66.268,0.999999
66.269,0.999999
66.270,0.999999
66.271,0.999999
66.272,0.999999
66.273,0.999999
66.274,0.999999
66.275,0.999999
66.276,0.999999
66.277,0.999999
66.278,0.999999
66.279,0.999999
66.280,0.999999
66.281,0.999999
66.282,0.999999
66.283,0.999999
66.284,0.999999
66.285,0.999999
66.286,0.999999
66.287,0.999999
66.288,0.999999
66.289,0.999999
66.290,0.999999
66.291,0.999999
66.292,0.999999
66.293,0.999999
66.294,0.999999
66.295,0.999999
66.296,0.999999
66.297,0.999999
66.298,0.999999
66.299,0.999999
66.300,0.999999
66.301,0.999999
66.302,0.999999
66.303,0.999999
66.304,0.999999
66.305,0.999999
66.306,0.999999
66.307,0.999999
66.308,0.999999
66.309,0.999999
66.310,0.999999
66.311,0.999999
66.312,0.999999
66.313,0.999999
66.314,0.999999
66.315,0.999999
66.316,0.999999
66.317,0.999999
66.318,0.999999
66.319,0.999999
66.320,0.999999
66.321,0.999999
66.322,0.999999
66.323,0.999999
66.324,0.999999
66.325,0.999999
66.326,0.999999
66.327,0.999999
66.328,0.999999
66.329,0.999999
66.330,0.999999
66.331,0.999999
66.332,0.999999
66.333,0.999999
66.334,0.999999
66.335,0.999999
66.336,0.999999
66.337,0.999999
66.338,0.999999
66.339,0.999999
66.340,0.999999
66.341,0.999999
66.342,0.999999
66.343,0.999999
66.344,0.999999
66.345,0.999999
66.346,0.999999
66.347,0.999999
66.348,0.999999
66.349,0.999999
66.350,0.999999
66.351,0.999999
66.352,0.999999
66.353,0.999999
66.354,0.999999
66.355,0.999999
66.356,0.999999
66.357,0.999999
66.358,0.999999
66.359,0.999999
66.360,0.999999
66.361,0.999999
66.362,0.999999
66.363,0.999999
66.364,0.999999
66.365,0.999999
66.366,0.999999
66.367,0.999999
66.368,0.999999
66.369,0.999999
66.370,0.999999
66.371,0.999999
66.372,0.999999
66.373,0.999999
66.374,0.999999
66.375,0.999999
66.376,0.999999
66.377,0.999999
66.378,0.999999
66.379,0.999999
66.380,0.999999
66.381,0.999999
66.382,0.999999
66.383,0.999999
66.384,0.999999
66.385,0.999999
66.386,0.999999
66.387,0.999999
66.388,0.999999
66.389,0.999999
66.390,0.999999
66.391,0.999999
66.392,0.999999
66.393,0.999999
66.394,0.999999
66.395,0.999999
66.396,0.999999
66.397,0.999999
66.398,0.999999
66.399,0.999999
66.400,0.999999
66.401,0.999999
66.402,0.999999
66.403,0.999999
66.404,0.999999
66.405,0.999999
66.406,0.999999
66.407,0.999999
66.408,0.999999
66.409,0.999999
66.410,0.999999
66.411,0.999999
66.412,0.999999
66.413,0.999999
66.414,0.999999
66.415,0.999999
66.416,0.999999
66.417,0.999999
66.418,0.999999
66.419,0.999999
66.420,0.999999
66.421,0.999999
66.422,0.999999
66.423,0.999999
66.424,0.999999
66.425,0.999999
66.426,0.999999
66.427,0.999999
66.428,0.999999
66.429,0.999999
66.430,0.999999
66.431,0.999999
66.432,0.999999
66.433,0.999999
66.434,0.999999
66.435,0.999999
66.436,0.999999
66.437,0.999999
66.438,0.999999
66.439,0.999999
66.440,0.999999
66.441,0.999999
66.442,0.999999
66.443,0.999999
66.444,0.999999
66.445,0.999999
66.446,0.999999
66.447,0.999999
66.448,0.999999
66.449,0.999999
66.450,0.999999
66.451,0.999999
66.452,0.999999
66.453,0.999999
66.454,0.999999
66.455,0.999999
66.456,0.999999
66.457,0.999999
66.458,0.999999
66.459,0.999999
66.460,0.999999
66.461,0.999999
66.462,0.999999
66.463,0.999999
66.464,0.999999
66.465,0.999999
66.466,0.999999
66.467,0.999999
66.468,0.999999
66.469,0.999999
66.470,0.999999
66.471,0.999999
66.472,0.999999
66.473,0.999999
66.474,0.999999
66.475,0.999999
66.476,0.999999
66.477,0.999999
66.478,0.999999
66.479,0.999999
66.480,0.999999
66.481,0.999999
66.482,0.999999
66.483,0.999999
66.484,0.999999
66.485,0.999999
66.486,0.999999
66.487,0.999999
66.488,0.999999
66.489,0.999999
66.490,0.999999
66.491,0.999999
66.492,0.999999
66.493,0.999999
66.494,0.999999
66.495,0.999999
66.496,0.999999
66.497,0.999999
66.498,0.999999
66.499,0.999999
66.500,0.999999
66.501,0.999999
66.502,0.999999
66.503,0.999999
66.504,0.999999
66.505,0.999999
66.506,0.999999
66.507,0.999999
66.508,0.999999
66.509,0.999999
66.510,0.999999
66.511,0.999999
66.512,0.999999
66.513,0.999999
66.514,0.999999
66.515,0.999999
66.516,0.999999
66.517,0.999999
66.518,0.999999
66.519,0.999999
66.520,0.999999
66.521,0.999999
66.522,0.999999
66.523,0.999999
66.524,0.999999
66.525,0.999999
66.526,0.999999
66.527,0.999999
66.528,0.999999
66.529,0.999999
66.530,0.999999
66.531,0.999999
66.532,0.999999
66.533,0.999999
66.534,0.999999
66.535,0.999999
66.536,0.999999
66.537,0.999999
66.538,0.999999
66.539,0.999999
66.540,0.999999
66.541,0.999999
66.542,0.999999
66.543,0.999999
66.544,0.999999
66.545,0.999999
66.546,0.999999
66.547,0.999999
66.548,0.999999
66.549,0.999999
66.550,0.999999
66.551,0.999999
66.552,0.999999
66.553,0.999999
66.554,0.999999
66.555,0.999999
66.556,0.999999
66.557,0.999999
66.558,0.999999
66.559,0.999999
66.560,0.999999
66.561,0.999999
66.562,0.999999
66.563,0.999999
66.564,0.999999
66.565,0.999999
66.566,0.999999
66.567,0.999999
66.568,0.999999
66.569,0.999999
66.570,0.999999
66.571,0.999999
66.572,0.999999
66.573,0.999999
66.574,0.999999
66.575,0.999999
66.576,0.999999
66.577,0.999999
66.578,0.999999
66.579,0.999999
66.580,0.999999
66.581,0.999999
66.582,0.999999
66.583,0.999999
66.584,0.999999
66.585,0.999999
66.586,0.999999
66.587,0.999999
66.588,0.999999
66.589,0.999999
66.590,0.999999
66.591,0.999999
66.592,0.999999
66.593,0.999999
66.594,0.999999
66.595,0.999999
66.596,0.999999
66.597,0.999999
66.598,0.999999
66.599,0.999999
66.600,0.999999
66.601,0.999999
66.602,0.999999
66.603,0.999999
66.604,0.999999
66.605,0.999999
66.606,0.999999
66.607,0.999999
66.608,0.999999
66.609,0.999999
66.610,0.999999
66.611,0.999999
66.612,0.999999
66.613,0.999999
66.614,0.999999
66.615,0.999999
66.616,0.999999
66.617,0.999999
66.618,0.999999
66.619,0.999999
66.620,0.999999
66.621,0.999999
66.622,0.999999
66.623,0.999999
66.624,0.999999
66.625,0.999999
66.626,0.999999
66.627,0.999999
66.628,0.999999
66.629,0.999999
66.630,0.999999
66.631,0.999999
66.632,0.999999
66.633,0.999999
66.634,0.999999
66.635,0.999999
66.636,0.999999
66.637,0.999999
66.638,0.999999
66.639,0.999999
66.640,0.999999
66.641,0.999999
66.642,0.999999
66.643,0.999999
66.644,0.999999
66.645,0.999999
66.646,0.999999
66.647,0.999999
66.648,0.999999
66.649,0.999999
66.650,0.999999
66.651,0.999999
66.652,0.999999
66.653,0.999999
66.654,0.999999
66.655,0.999999
66.656,0.999999
66.657,0.999999
66.658,0.999999
66.659,0.999999
66.660,0.999999
66.661,0.999999
66.662,0.999999
66.663,0.999999
66.664,0.999999
66.665,0.999999
66.666,0.999999
66.667,0.999999
66.668,0.999999
66.669,0.999999
66.670,0.999999
66.671,0.999999
66.672,0.999999
66.673,0.999999
66.674,0.999999
66.675,0.999999
66.676,0.999999
66.677,0.999999
66.678,0.999999
66.679,0.999999
66.680,0.999999
66.681,0.999999
66.682,0.999999
66.683,0.999999
66.684,0.999999
66.685,0.999999
66.686,0.999999
66.687,0.999999
66.688,0.999999
66.689,0.999999
66.690,0.999999
66.691,0.999999
66.692,0.999999
66.693,0.999999
66.694,0.999999
66.695,0.999999
66.696,0.999999
66.697,0.999999
66.698,0.999999
66.699,0.999999
66.700,0.999999
66.701,0.999999
66.702,0.999999
66.703,0.999999
66.704,0.999999
66.705,0.999999
66.706,0.999999
66.707,0.999999
66.708,0.999999
66.709,0.999999
66.710,0.999999
66.711,0.999999
66.712,0.999999
66.713,0.999999
66.714,0.999999
66.715,0.999999
66.716,0.999999
66.717,0.999999
66.718,0.999999
66.719,0.999999
66.720,0.999999
66.721,0.999999
66.722,0.999999
66.723,0.999999
66.724,0.999999
66.725,0.999999
66.726,0.999999
66.727,0.999999
66.728,0.999999
66.729,0.999999
66.730,0.999999
66.731,0.999999
66.732,0.999999
66.733,0.999999
66.734,0.999999
66.735,0.999999
66.736,0.999999
66.737,0.999999
66.738,0.999999
66.739,0.999999
66.740,0.999999
66.741,0.999999
66.742,0.999999
66.743,0.999999
66.744,0.999999
66.745,0.999999
66.746,0.999999
66.747,0.999999
66.748,0.999999
66.749,0.999999
66.750,0.999999
66.751,0.999999
66.752,0.999999
66.753,0.999999
66.754,0.999999
66.755,0.999999
66.756,0.999999
66.757,0.999999
66.758,0.999999
66.759,0.999999
66.760,0.999999
66.761,0.999999
66.762,0.999999
66.763,0.999999
66.764,0.999999
66.765,0.999999
66.766,0.999999
66.767,0.999999
66.768,0.999999
66.769,0.999999
66.770,0.999999
66.771,0.999999
66.772,0.999999
66.773,0.999999
66.774,0.999999
66.775,0.999999
66.776,0.999999
66.777,0.999999
66.778,0.999999
66.779,0.999999
66.780,0.999999
66.781,0.999999
66.782,0.999999
66.783,0.999999
66.784,0.999999
66.785,0.999999
66.786,0.999999
66.787,0.999999
66.788,0.999999
66.789,0.999999
66.790,0.999999
66.791,0.999999
66.792,0.999999
66.793,0.999999
66.794,0.999999
66.795,0.999999
66.796,0.999999
66.797,0.999999
66.798,0.999999
66.799,0.999999
66.800,0.999999
66.801,0.999999
66.802,0.999999
66.803,0.999999
66.804,0.999999
66.805,0.999999
66.806,0.999999
66.807,0.999999
66.808,0.999999
66.809,0.999999
66.810,0.999999
66.811,0.999999
66.812,0.999999
66.813,0.999999
66.814,0.999999
66.815,0.999999
66.816,0.999999
66.817,0.999999
66.818,0.999999
66.819,0.999999
66.820,0.999999
66.821,0.999999
66.822,0.999999
66.823,0.999999
66.824,0.999999
66.825,0.999999
66.826,0.999999
66.827,0.999999
66.828,0.999999
66.829,0.999999
66.830,0.999999
66.831,0.999999
66.832,0.999999
66.833,0.999999
66.834,0.999999
66.835,0.999999
66.836,0.999999
66.837,0.999999
66.838,0.999999
66.839,0.999999
66.840,0.999999
66.841,0.999999
66.842,0.999999
66.843,0.999999
66.844,0.999999
66.845,0.999999
66.846,0.999999
66.847,0.999999
66.848,0.999999
66.849,0.999999
66.850,0.999999
66.851,0.999999
66.852,0.999999
66.853,0.999999
66.854,0.999999
66.855,0.999999
66.856,0.999999
66.857,0.999999
66.858,0.999999
66.859,0.999999
66.860,0.999999
66.861,0.999999
66.862,0.999999
66.863,0.999999
66.864,0.999999
66.865,0.999999
66.866,0.999999
66.867,0.999999
66.868,0.999999
66.869,0.999999
66.870,0.999999
66.871,0.999999
66.872,0.999999
66.873,0.999999
66.874,0.999999
66.875,0.999999
66.876,0.999999
66.877,0.999999
66.878,0.999999
66.879,0.999999
66.880,0.999999
66.881,0.999999
66.882,0.999999
66.883,0.999999
66.884,0.999999
66.885,0.999999
66.886,0.999999
66.887,0.999999
66.888,0.999999
66.889,0.999999
66.890,0.999999
66.891,0.999999
66.892,0.999999
66.893,0.999999
66.894,0.999999
66.895,0.999999
66.896,0.999999
66.897,0.999999
66.898,0.999999
66.899,0.999999
66.900,0.999999
66.901,0.999999
66.902,0.999999
66.903,0.999999
66.904,0.999999
66.905,0.999999
66.906,0.999999
66.907,0.999999
66.908,0.999999
66.909,0.999999
66.910,0.999999
66.911,0.999999
66.912,0.999999
66.913,0.999999
66.914,0.999999
66.915,0.999999
66.916,0.999999
66.917,0.999999
66.918,0.999999
66.919,0.999999
66.920,0.999999
66.921,0.999999
66.922,0.999999
66.923,0.999999
66.924,0.999999
66.925,0.999999
66.926,0.999999
66.927,0.999999
66.928,0.999999
66.929,0.999999
66.930,0.999999
66.931,0.999999
66.932,0.999999
66.933,0.999999
66.934,0.999999
66.935,0.999999
66.936,0.999999
66.937,0.999999
66.938,0.999999
66.939,0.999999
66.940,0.999999
66.941,0.999999
66.942,0.999999
66.943,0.999999
66.944,0.999999
66.945,0.999999
66.946,0.999999
66.947,0.999999
66.948,0.999999
66.949,0.999999
66.950,0.999999
66.951,0.999999
66.952,0.999999
66.953,0.999999
66.954,0.999999
66.955,0.999999
66.956,0.999999
66.957,0.999999
66.958,0.999999
66.959,0.999999
66.960,0.999999
66.961,0.999999
66.962,0.999999
66.963,0.999999
66.964,0.999999
66.965,0.999999
66.966,0.999999
66.967,0.999999
66.968,0.999999
66.969,0.999999
66.970,0.999999
66.971,0.999999
66.972,0.999999
66.973,0.999999
66.974,0.999999
66.975,0.999999
66.976,0.999999
66.977,0.999999
66.978,0.999999
66.979,0.999999
66.980,0.999999
66.981,0.999999
66.982,0.999999
66.983,0.999999
66.984,0.999999
66.985,0.999999
66.986,0.999999
66.987,0.999999
66.988,0.999999
66.989,0.999999
66.990,0.999999
66.991,0.999999
66.992,0.999999
66.993,0.999999
66.994,0.999999
66.995,0.999999
66.996,0.999999
66.997,0.999999
66.998,0.999999
66.999,0.999999
67.000,0.999999
67.001,0.999999
67.002,0.999999
67.003,0.999999
67.004,0.999999
67.005,0.999999
67.006,0.999999
67.007,0.999999
67.008,0.999999
67.009,0.999999
67.010,0.999999
67.011,0.999999
67.012,0.999999
67.013,0.999999
67.014,0.999999
67.015,0.999999
67.016,0.999999
67.017,0.999999
67.018,0.999999
67.019,0.999999
67.020,0.999999
67.021,0.999999
67.022,0.999999
67.023,0.999999
67.024,0.999999
67.025,0.999999
67.026,0.999999
67.027,0.999999
67.028,0.999999
67.029,0.999999
67.030,0.999999
67.031,0.999999
67.032,0.999999
67.033,0.999999
67.034,0.999999
67.035,0.999999
67.036,0.999999
67.037,0.999999
67.038,0.999999
67.039,0.999999
67.040,0.999999
67.041,0.999999
67.042,0.999999
67.043,0.999999
67.044,0.999999
67.045,0.999999
67.046,0.999999
67.047,0.999999
67.048,0.999999
67.049,0.999999
67.050,0.999999
67.051,0.999999
67.052,0.999999
67.053,0.999999
67.054,0.999999
67.055,0.999999
67.056,0.999999
67.057,0.999999
67.058,0.999999
67.059,0.999999
67.060,0.999999
67.061,0.999999
67.062,0.999999
67.063,0.999999
67.064,0.999999
67.065,0.999999
67.066,0.999999
67.067,0.999999
67.068,0.999999
67.069,0.999999
67.070,0.999999
67.071,0.999999
67.072,0.999999
67.073,0.999999
67.074,0.999999
67.075,0.999999
67.076,0.999999
67.077,0.999999
67.078,0.999999
67.079,0.999999
67.080,0.999999
67.081,0.999999
67.082,0.999999
67.083,0.999999
67.084,0.999999
67.085,0.999999
67.086,0.999999
67.087,0.999999
67.088,0.999999
67.089,0.999999
67.090,0.999999
67.091,0.999999
67.092,0.999999
67.093,0.999999
67.094,0.999999
67.095,0.999999
67.096,0.999999
67.097,0.999999
67.098,0.999999
67.099,0.999999
67.100,0.999999
67.101,0.999999
67.102,0.999999
67.103,0.999999
67.104,0.999999
67.105,0.999999
67.106,0.999999
67.107,0.999999
67.108,0.999999
67.109,0.999999
67.110,0.999999
67.111,0.999999
67.112,0.999999
67.113,0.999999
67.114,0.999999
67.115,0.999999
67.116,0.999999
67.117,0.999999
67.118,0.999999
67.119,0.999999
67.120,0.999999
67.121,0.999999
67.122,0.999999
67.123,0.999999
67.124,0.999999
67.125,0.999999
67.126,0.999999
67.127,0.999999
67.128,0.999999
67.129,0.999999
67.130,0.999999
67.131,0.999999
67.132,0.999999
67.133,0.999999
67.134,0.999999
67.135,0.999999
67.136,0.999999
67.137,0.999999
67.138,0.999999
67.139,0.999999
67.140,0.999999
67.141,0.999999
67.142,0.999999
67.143,0.999999
67.144,0.999999
67.145,0.999999
67.146,0.999999
67.147,0.999999
67.148,0.999999
67.149,0.999999
67.150,0.999999
67.151,0.999999
67.152,0.999999
67.153,0.999999
67.154,0.999999
67.155,0.999999
67.156,0.999999
67.157,0.999999
67.158,0.999999
67.159,0.999999
67.160,0.999999
67.161,0.999999
67.162,0.999999
67.163,0.999999
67.164,0.999999
67.165,0.999999
67.166,0.999999
67.167,0.999999
67.168,0.999999
67.169,0.999999
67.170,0.999999
67.171,0.999999
67.172,0.999999
67.173,0.999999
67.174,0.999999
67.175,0.999999
67.176,0.999999
67.177,0.999999
67.178,0.999999
67.179,0.999999
67.180,0.999999
67.181,0.999999
67.182,0.999999
67.183,0.999999
67.184,0.999999
67.185,0.999999
67.186,0.999999
67.187,0.999999
67.188,0.999999
67.189,0.999999
67.190,0.999999
67.191,0.999999
67.192,0.999999
67.193,0.999999
67.194,0.999999
67.195,0.999999
67.196,0.999999
67.197,0.999999
67.198,0.999999
67.199,0.999999
67.200,0.999999
67.201,0.999999
67.202,0.999999
67.203,0.999999
67.204,0.999999
67.205,0.999999
67.206,0.999999
67.207,0.999999
67.208,0.999999
67.209,0.999999
67.210,0.999999
67.211,0.999999
67.212,0.999999
67.213,0.999999
67.214,0.999999
67.215,0.999999
67.216,0.999999
67.217,0.999999
67.218,0.999999
67.219,0.999999
67.220,0.999999
67.221,0.999999
67.222,0.999999
67.223,0.999999
67.224,0.999999
67.225,0.999999
67.226,0.999999
67.227,0.999999
67.228,0.999999
67.229,0.999999
67.230,0.999999
67.231,0.999999
67.232,0.999999
67.233,0.999999
67.234,0.999999
67.235,0.999999
67.236,0.999999
67.237,0.999999
67.238,0.999999
67.239,0.999999
67.240,0.999999
67.241,0.999999
67.242,0.999999
67.243,0.999999
67.244,0.999999
67.245,0.999999
67.246,0.999999
67.247,0.999999
67.248,0.999999
67.249,0.999999
67.250,0.999999
67.251,0.999999
67.252,0.999999
67.253,0.999999
67.254,0.999999
67.255,0.999999
67.256,0.999999
67.257,0.999999
67.258,0.999999
67.259,0.999999
67.260,0.999999
67.261,0.999999
67.262,0.999999
67.263,0.999999
67.264,0.999999
67.265,0.999999
67.266,0.999999
67.267,0.999999
67.268,0.999999
67.269,0.999999
67.270,0.999999
67.271,0.999999
67.272,0.999999
67.273,0.999999
67.274,0.999999
67.275,0.999999
67.276,0.999999
67.277,0.999999
67.278,0.999999
67.279,0.999999
67.280,0.999999
67.281,0.999999
67.282,0.999999
67.283,0.999999
67.284,0.999999
67.285,0.999999
67.286,0.999999
67.287,0.999999
67.288,0.999999
67.289,0.999999
67.290,0.999999
67.291,0.999999
67.292,0.999999
67.293,0.999999
67.294,0.999999
67.295,0.999999
67.296,0.999999
67.297,0.999999
67.298,0.999999
67.299,0.999999
67.300,0.999999
67.301,0.999999
67.302,0.999999
67.303,0.999999
67.304,0.999999
67.305,0.999999
67.306,0.999999
67.307,0.999999
67.308,0.999999
67.309,0.999999
67.310,0.999999
67.311,0.999999
67.312,0.999999
67.313,0.999999
67.314,0.999999
67.315,0.999999
67.316,0.999999
67.317,0.999999
67.318,0.999999
67.319,0.999999
67.320,0.999999
67.321,0.999999
67.322,0.999999
67.323,0.999999
67.324,0.999999
67.325,0.999999
67.326,0.999999
67.327,0.999999
67.328,0.999999
67.329,0.999999
67.330,0.999999
67.331,0.999999
67.332,0.999999
67.333,0.999999
67.334,0.999999
67.335,0.999999
67.336,0.999999
67.337,0.999999
67.338,0.999999
67.339,0.999999
67.340,0.999999
67.341,0.999999
67.342,0.999999
67.343,0.999999
67.344,0.999999
67.345,0.999999
67.346,0.999999
67.347,0.999999
67.348,0.999999
67.349,0.999999
67.350,0.999999
67.351,0.999999
67.352,0.999999
67.353,0.999999
67.354,0.999999
67.355,0.999999
67.356,0.999999
67.357,0.999999
67.358,0.999999
67.359,0.999999
67.360,0.999999
67.361,0.999999
67.362,0.999999
67.363,0.999999
67.364,0.999999
67.365,0.999999
67.366,0.999999
67.367,0.999999
67.368,0.999999
67.369,0.999999
67.370,0.999999
67.371,0.999999
67.372,0.999999
67.373,0.999999
67.374,0.999999
67.375,0.999999
67.376,0.999999
67.377,0.999999
67.378,0.999999
67.379,0.999999
67.380,0.999999
67.381,0.999999
67.382,0.999999
67.383,0.999999
67.384,0.999999
67.385,0.999999
67.386,0.999999
67.387,0.999999
67.388,0.999999
67.389,0.999999
67.390,0.999999
67.391,0.999999
67.392,0.999999
67.393,0.999999
67.394,0.999999
67.395,0.999999
67.396,0.999999
67.397,0.999999
67.398,0.999999
67.399,0.999999
67.400,0.999999
67.401,0.999999
67.402,0.999999
67.403,0.999999
67.404,0.999999
67.405,0.999999
67.406,0.999999
67.407,0.999999
67.408,0.999999
67.409,0.999999
67.410,0.999999
67.411,0.999999
67.412,0.999999
67.413,0.999999
67.414,0.999999
67.415,0.999999
67.416,0.999999
67.417,0.999999
67.418,0.999999
67.419,0.999999
67.420,0.999999
67.421,0.999999
67.422,0.999999
67.423,0.999999
67.424,0.999999
67.425,0.999999
67.426,0.999999
67.427,0.999999
67.428,0.999999
67.429,0.999999
67.430,0.999999
67.431,0.999999
67.432,0.999999
67.433,0.999999
67.434,0.999999
67.435,0.999999
67.436,0.999999
67.437,0.999999
67.438,0.999999
67.439,0.999999
67.440,0.999999
67.441,0.999999
67.442,0.999999
67.443,0.999999
67.444,0.999999
67.445,0.999999
67.446,0.999999
67.447,0.999999
67.448,0.999999
67.449,0.999999
67.450,0.999999
67.451,0.999999
67.452,0.999999
67.453,0.999999
67.454,0.999999
67.455,0.999999
67.456,0.999999
67.457,0.999999
67.458,0.999999
67.459,0.999999
67.460,0.999999
67.461,0.999999
67.462,0.999999
67.463,0.999999
67.464,0.999999
67.465,0.999999
67.466,0.999999
67.467,0.999999
67.468,0.999999
67.469,0.999999
67.470,0.999999
67.471,0.999999
67.472,0.999999
67.473,0.999999
67.474,0.999999
67.475,0.999999
67.476,0.999999
67.477,0.999999
67.478,0.999999
67.479,0.999999
67.480,0.999999
67.481,0.999999
67.482,0.999999
67.483,0.999999
67.484,0.999999
67.485,0.999999
67.486,0.999999
67.487,0.999999
67.488,0.999999
67.489,0.999999
67.490,0.999999
67.491,0.999999
67.492,0.999999
67.493,0.999999
67.494,0.999999
67.495,0.999999
67.496,0.999999
67.497,0.999999
67.498,0.999999
67.499,0.999999
67.500,0.999999
67.501,0.999999
67.502,0.999999
67.503,0.999999
67.504,0.999999
67.505,0.999999
67.506,0.999999
67.507,0.999999
67.508,0.999999
67.509,0.999999
67.510,0.999999
67.511,0.999999
67.512,0.999999
67.513,0.999999
67.514,0.999999
67.515,0.999999
67.516,0.999999
67.517,0.999999
67.518,0.999999
67.519,0.999999
67.520,0.999999
67.521,0.999999
67.522,0.999999
67.523,0.999999
67.524,0.999999
67.525,0.999999
67.526,0.999999
67.527,0.999999
67.528,0.999999
67.529,0.999999
67.530,0.999999
67.531,0.999999
67.532,0.999999
67.533,0.999999
67.534,0.999999
67.535,0.999999
67.536,0.999999
67.537,0.999999
67.538,0.999999
67.539,0.999999
67.540,0.999999
67.541,0.999999
67.542,0.999999
67.543,0.999999
67.544,0.999999
67.545,0.999999
67.546,0.999999
67.547,0.999999
67.548,0.999999
67.549,0.999999
67.550,0.999999
67.551,0.999999
67.552,0.999999
67.553,0.999999
67.554,0.999999
67.555,0.999999
67.556,0.999999
67.557,0.999999
67.558,0.999999
67.559,0.999999
67.560,0.999999
67.561,0.999999
67.562,0.999999
67.563,0.999999
67.564,0.999999
67.565,0.999999
67.566,0.999999
67.567,0.999999
67.568,0.999999
67.569,0.999999
67.570,0.999999
67.571,0.999999
67.572,0.999999
67.573,0.999999
67.574,0.999999
67.575,0.999999
67.576,0.999999
67.577,0.999999
67.578,0.999999
67.579,0.999999
67.580,0.999999
67.581,0.999999
67.582,0.999999
67.583,0.999999
67.584,0.999999
67.585,0.999999
67.586,0.999999
67.587,0.999999
67.588,0.999999
67.589,0.999999
67.590,0.999999
67.591,0.999999
67.592,0.999999
67.593,0.999999
67.594,0.999999
67.595,0.999999
67.596,0.999999
67.597,0.999999
67.598,0.999999
67.599,0.999999
67.600,0.999999
67.601,0.999999
67.602,0.999999
67.603,0.999999
67.604,0.999999
67.605,0.999999
67.606,0.999999
67.607,0.999999
67.608,0.999999
67.609,0.999999
67.610,0.999999
67.611,0.999999
67.612,0.999999
67.613,0.999999
67.614,0.999999
67.615,0.999999
67.616,0.999999
67.617,0.999999
67.618,0.999999
67.619,0.999999
67.620,0.999999
67.621,0.999999
67.622,0.999999
67.623,0.999999
67.624,0.999999
67.625,0.999999
67.626,0.999999
67.627,0.999999
67.628,0.999999
67.629,0.999999
67.630,0.999999
67.631,0.999999
67.632,0.999999
67.633,0.999999
67.634,0.999999
67.635,0.999999
67.636,0.999999
67.637,0.999999
67.638,0.999999
67.639,0.999999
67.640,0.999999
67.641,0.999999
67.642,0.999999
67.643,0.999999
67.644,0.999999
67.645,0.999999
67.646,0.999999
67.647,0.999999
67.648,0.999999
67.649,0.999999
67.650,0.999999
67.651,0.999999
67.652,0.999999
67.653,0.999999
67.654,0.999999
67.655,0.999999
67.656,0.999999
67.657,0.999999
67.658,0.999999
67.659,0.999999
67.660,0.999999
67.661,0.999999
67.662,0.999999
67.663,0.999999
67.664,0.999999
67.665,0.999999
67.666,0.999999
67.667,0.999999
67.668,0.999999
67.669,0.999999
67.670,0.999999
67.671,0.999999
67.672,0.999999
67.673,0.999999
67.674,0.999999
67.675,0.999999
67.676,0.999999
67.677,0.999999
67.678,0.999999
67.679,0.999999
67.680,0.999999
67.681,0.999999
67.682,0.999999
67.683,0.999999
67.684,0.999999
67.685,0.999999
67.686,0.999999
67.687,0.999999
67.688,0.999999
67.689,0.999999
67.690,0.999999
67.691,0.999999
67.692,0.999999
67.693,0.999999
67.694,0.999999
67.695,0.999999
67.696,0.999999
67.697,0.999999
67.698,0.999999
67.699,0.999999
67.700,0.999999
67.701,0.999999
67.702,0.999999
67.703,0.999999
67.704,0.999999
67.705,0.999999
67.706,0.999999
67.707,0.999999
67.708,0.999999
67.709,0.999999
67.710,0.999999
67.711,0.999999
67.712,0.999999
67.713,0.999999
67.714,0.999999
67.715,0.999999
67.716,0.999999
67.717,0.999999
67.718,0.999999
67.719,0.999999
67.720,0.999999
67.721,0.999999
67.722,0.999999
67.723,0.999999
67.724,0.999999
67.725,0.999999
67.726,0.999999
67.727,0.999999
67.728,0.999999
67.729,0.999999
67.730,0.999999
67.731,0.999999
67.732,0.999999
67.733,0.999999
67.734,0.999999
67.735,0.999999
67.736,0.999999
67.737,0.999999
67.738,0.999999
67.739,0.999999
67.740,0.999999
67.741,0.999999
67.742,0.999999
67.743,0.999999
67.744,0.999999
67.745,0.999999
67.746,0.999999
67.747,0.999999
67.748,0.999999
67.749,0.999999
67.750,0.999999
67.751,0.999999
67.752,0.999999
67.753,0.999999
67.754,0.999999
67.755,0.999999
67.756,0.999999
67.757,0.999999
67.758,0.999999
67.759,0.999999
67.760,0.999999
67.761,0.999999
67.762,0.999999
67.763,0.999999
67.764,0.999999
67.765,0.999999
67.766,0.999999
67.767,0.999999
67.768,0.999999
67.769,0.999999
67.770,0.999999
67.771,0.999999
67.772,0.999999
67.773,0.999999
67.774,0.999999
67.775,0.999999
67.776,0.999999
67.777,0.999999
67.778,0.999999
67.779,0.999999
67.780,0.999999
67.781,0.999999
67.782,0.999999
67.783,0.999999
67.784,0.999999
67.785,0.999999
67.786,0.999999
67.787,0.999999
67.788,0.999999
67.789,0.999999
67.790,0.999999
67.791,0.999999
67.792,0.999999
67.793,0.999999
67.794,0.999999
67.795,0.999999
67.796,1.000000
67.797,1.000000
67.798,1.000000
67.799,1.000000
67.800,1.000000
67.801,1.000000
67.802,1.000000
67.803,1.000000
67.804,1.000000
67.805,1.000000
67.806,1.000000
67.807,1.000000
67.808,1.000000
67.809,1.000000
67.810,1.000000
67.811,1.000000
67.812,1.000000
67.813,1.000000
67.814,1.000000
67.815,1.000000
67.816,1.000000
67.817,1.000000
67.818,1.000000
67.819,1.000000
67.820,1.000000
67.821,1.000000
67.822,1.000000
67.823,1.000000
67.824,1.000000
67.825,1.000000
67.826,1.000000
67.827,1.000000
67.828,1.000000
67.829,1.000000
67.830,1.000000
67.831,1.000000
67.832,1.000000
67.833,1.000000
67.834,1.000000
67.835,1.000000
67.836,1.000000
67.837,1.000000
67.838,1.000000
67.839,1.000000
67.840,1.000000
67.841,1.000000
67.842,1.000000
67.843,1.000000
67.844,1.000000
67.845,1.000000
67.846,1.000000
67.847,1.000000
67.848,1.000000
67.849,1.000000
67.850,1.000000
67.851,1.000000
67.852,1.000000
67.853,1.000000
67.854,1.000000
67.855,1.000000
67.856,1.000000
67.857,1.000000
67.858,1.000000
67.859,1.000000
67.860,1.000000
67.861,1.000000
67.862,1.000000
67.863,1.000000
67.864,1.000000
67.865,1.000000
67.866,1.000000
67.867,1.000000
67.868,1.000000
67.869,1.000000
67.870,1.000000
67.871,1.000000
67.872,1.000000
67.873,1.000000
67.874,1.000000
67.875,1.000000
67.876,1.000000
67.877,1.000000
67.878,1.000000
67.879,1.000000
67.880,1.000000
67.881,1.000000
67.882,1.000000
67.883,1.000000
67.884,1.000000
67.885,1.000000
67.886,1.000000
67.887,1.000000
67.888,1.000000
67.889,1.000000
67.890,1.000000
67.891,1.000000
67.892,1.000000
67.893,1.000000
67.894,1.000000
67.895,1.000000
67.896,1.000000
67.897,1.000000
67.898,1.000000
67.899,1.000000
67.900,1.000000
67.901,1.000000
67.902,1.000000
67.903,1.000000
67.904,1.000000
67.905,1.000000
67.906,1.000000
67.907,1.000000
67.908,1.000000
67.909,1.000000
67.910,1.000000
67.911,1.000000
67.912,1.000000
67.913,1.000000
67.914,1.000000
67.915,1.000000
67.916,1.000000
67.917,1.000000
67.918,1.000000
67.919,1.000000
67.920,1.000000
67.921,1.000000
67.922,1.000000
67.923,1.000000
67.924,1.000000
67.925,1.000000
67.926,1.000000
67.927,1.000000
67.928,1.000000
67.929,1.000000
67.930,1.000000
67.931,1.000000
67.932,1.000000
67.933,1.000000
67.934,1.000000
67.935,1.000000
67.936,1.000000
67.937,1.000000
67.938,1.000000
67.939,1.000000
67.940,1.000000
67.941,1.000000
67.942,1.000000
67.943,1.000000
67.944,1.000000
67.945,1.000000
67.946,1.000000
67.947,1.000000
67.948,1.000000
67.949,1.000000
67.950,1.000000
67.951,1.000000
67.952,1.000000
67.953,1.000000
67.954,1.000000
67.955,1.000000
67.956,1.000000
67.957,1.000000
67.958,1.000000
67.959,1.000000
67.960,1.000000
67.961,1.000000
67.962,1.000000
67.963,1.000000
67.964,1.000000
67.965,1.000000
67.966,1.000000
67.967,1.000000
67.968,1.000000
67.969,1.000000
67.970,1.000000
67.971,1.000000
67.972,1.000000
67.973,1.000000
67.974,1.000000
67.975,1.000000
67.976,1.000000
67.977,1.000000
67.978,1.000000
67.979,1.000000
67.980,1.000000
67.981,1.000000
67.982,1.000000
67.983,1.000000
67.984,1.000000
67.985,1.000000
67.986,1.000000
67.987,1.000000
67.988,1.000000
67.989,1.000000
67.990,1.000000
67.991,1.000000
67.992,1.000000
67.993,1.000000
67.994,1.000000
67.995,1.000000
67.996,1.000000
67.997,1.000000
67.998,1.000000
67.999,1.000000
68.000,1.000000