Angle,Reflectance
63.000,0.993372
63.001,0.993361
63.002,0.993349
63.003,0.993338
63.004,0.993326
63.005,0.993314
63.006,0.993303
63.007,0.993291
63.008,0.993279
63.009,0.993267
63.010,0.993255
63.011,0.993243
63.012,0.993231
63.013,0.993219
63.014,0.993207
63.015,0.993195
63.016,0.993183
63.017,0.993171
63.018,0.993159
63.019,0.993146
63.020,0.993134
63.021,0.993122
63.022,0.993109
63.023,0.993097
63.024,0.993084
63.025,0.993072
63.026,0.993059
63.027,0.993047
63.028,0.993034
63.029,0.993021
63.030,0.993008
63.031,0.992996
63.032,0.992983
63.033,0.992970
63.034,0.992957
63.035,0.992944
63.036,0.992931
63.037,0.992918
63.038,0.992905
63.039,0.992892
63.040,0.992878
63.041,0.992865
63.042,0.992852
63.043,0.992838
63.044,0.992825
63.045,0.992812
63.046,0.992798
63.047,0.992785
63.048,0.992771
63.049,0.992757
63.050,0.992744
63.051,0.992730
63.052,0.992716
63.053,0.992702
63.054,0.992688
63.055,0.992674
63.056,0.992660
63.057,0.992646
63.058,0.992632
63.059,0.992618
63.060,0.992604
63.061,0.992590
63.062,0.992575
63.063,0.992561
63.064,0.992547
63.065,0.992532
63.066,0.992518
63.067,0.992503
63.068,0.992488
63.069,0.992474
63.070,0.992459
63.071,0.992444
63.072,0.992429
63.073,0.992415
63.074,0.992400
63.075,0.992385
63.076,0.992370
63.077,0.992354
63.078,0.992339
63.079,0.992324
63.080,0.992309
63.081,0.992293
63.082,0.992278
63.083,0.992262
63.084,0.992247
63.085,0.992231
63.086,0.992216
63.087,0.992200
63.088,0.992184
63.089,0.992168
63.090,0.992153
63.091,0.992137
63.092,0.992121
63.093,0.992105
63.094,0.992089
63.095,0.992072
63.096,0.992056
63.097,0.992040
63.098,0.992023
63.099,0.992007
63.100,0.991990
63.101,0.991974
63.102,0.991957
63.103,0.991941
63.104,0.991924
63.105,0.991907
63.106,0.991890
63.107,0.991873
63.108,0.991856
63.109,0.991839
63.110,0.991822
63.111,0.991805
63.112,0.991787
63.113,0.991770
63.114,0.991753
63.115,0.991735
63.116,0.991718
63.117,0.991700
63.118,0.991682
63.119,0.991665
63.120,0.991647
63.121,0.991629
63.122,0.991611
63.123,0.991593
63.124,0.991575
63.125,0.991557
63.126,0.991538
63.127,0.991520
63.128,0.991502
63.129,0.991483
63.130,0.991465
63.131,0.991446
63.132,0.991427
63.133,0.991408
63.134,0.991390
63.135,0.991371
63.136,0.991352
63.137,0.991333
63.138,0.991313
63.139,0.991294
63.140,0.991275
63.141,0.991255
63.142,0.991236
63.143,0.991216
63.144,0.991197
63.145,0.991177
63.146,0.991157
63.147,0.991137
63.148,0.991117
63.149,0.991097
63.150,0.991077
63.151,0.991057
63.152,0.991037
63.153,0.991016
63.154,0.990996
63.155,0.990975
63.156,0.990955
63.157,0.990934
63.158,0.990913
63.159,0.990892
63.160,0.990871
63.161,0.990850
63.162,0.990829
63.163,0.990808
63.164,0.990786
63.165,0.990765
63.166,0.990744
63.167,0.990722
63.168,0.990700
63.169,0.990678
63.170,0.990657
63.171,0.990635
63.172,0.990613
63.173,0.990590
63.174,0.990568
63.175,0.990546
63.176,0.990523
63.177,0.990501
63.178,0.990478
63.179,0.990455
63.180,0.990432
63.181,0.990410
63.182,0.990387
63.183,0.990363
63.184,0.990340
63.185,0.990317
63.186,0.990293
63.187,0.990270
63.188,0.990246
63.189,0.990222
63.190,0.990199
63.191,0.990175
63.192,0.990151
63.193,0.990126
63.194,0.990102
63.195,0.990078
63.196,0.990053
63.197,0.990029
63.198,0.990004
63.199,0.989979
63.200,0.989954
63.201,0.989929
63.202,0.989904
63.203,0.989879
63.204,0.989853
63.205,0.989828
63.206,0.989802
63.207,0.989776
63.208,0.989751
63.209,0.989725
63.210,0.989699
63.211,0.989672
63.212,0.989646
63.213,0.989620
63.214,0.989593
63.215,0.989566
63.216,0.989540
63.217,0.989513
63.218,0.989486
63.219,0.989459
63.220,0.989431
63.221,0.989404
63.222,0.989376
63.223,0.989349
63.224,0.989321
63.225,0.989293
63.226,0.989265
63.227,0.989237
63.228,0.989208
63.229,0.989180
63.230,0.989151
63.231,0.989123
63.232,0.989094
63.233,0.989065
63.234,0.989036
63.235,0.989006
63.236,0.988977
63.237,0.988947
63.238,0.988918
63.239,0.988888
63.240,0.988858
63.241,0.988828
63.242,0.988798
63.243,0.988767
63.244,0.988737
63.245,0.988706
63.246,0.988675
63.247,0.988644
63.248,0.988613
63.249,0.988582
63.250,0.988550
63.251,0.988519
63.252,0.988487
63.253,0.988455
63.254,0.988423
63.255,0.988391
63.256,0.988359
63.257,0.988326
63.258,0.988293
63.259,0.988260
63.260,0.988227
63.261,0.988194
63.262,0.988161
63.263,0.988128
63.264,0.988094
63.265,0.988060
63.266,0.988026
63.267,0.987992
63.268,0.987958
63.269,0.987923
63.270,0.987888
63.271,0.987854
63.272,0.987819
63.273,0.987783
63.274,0.987748
63.275,0.987712
63.276,0.987677
63.277,0.987641
63.278,0.987605
63.279,0.987568
63.280,0.987532
63.281,0.987495
63.282,0.987458
63.283,0.987421
63.284,0.987384
63.285,0.987347
63.286,0.987309
63.287,0.987271
63.288,0.987233
63.289,0.987195
63.290,0.987157
63.291,0.987118
63.292,0.987079
63.293,0.987040
63.294,0.987001
63.295,0.986962
63.296,0.986922
63.297,0.986882
63.298,0.986842
63.299,0.986802
63.300,0.986762
63.301,0.986721
63.302,0.986680
63.303,0.986639
63.304,0.986598
63.305,0.986556
63.306,0.986514
63.307,0.986472
63.308,0.986430
63.309,0.986388
63.310,0.986345
63.311,0.986302
63.312,0.986259
63.313,0.986216
63.314,0.986172
63.315,0.986128
63.316,0.986084
63.317,0.986040
63.318,0.985995
63.319,0.985951
63.320,0.985906
63.321,0.985860
63.322,0.985815
63.323,0.985769
63.324,0.985723
63.325,0.985677
63.326,0.985630
63.327,0.985583
63.328,0.985536
63.329,0.985489
63.330,0.985441
63.331,0.985393
63.332,0.985345
63.333,0.985297
63.334,0.985248
63.335,0.985199
63.336,0.985150
63.337,0.985100
63.338,0.985051
63.339,0.985001
63.340,0.984950
63.341,0.984900
63.342,0.984849
63.343,0.984797
63.344,0.984746
63.345,0.984694
63.346,0.984642
63.347,0.984589
63.348,0.984537
63.349,0.984484
63.350,0.984430
63.351,0.984377
63.352,0.984323
63.353,0.984268
63.354,0.984214
63.355,0.984159
63.356,0.984104
63.357,0.984048
63.358,0.983992
63.359,0.983936
63.360,0.983879
63.361,0.983822
63.362,0.983765
63.363,0.983707
63.364,0.983650
63.365,0.983591
63.366,0.983533
63.367,0.983474
63.368,0.983414
63.369,0.983354
63.370,0.983294
63.371,0.983234
63.372,0.983173
63.373,0.983112
63.374,0.983050
63.375,0.982988
63.376,0.982926
63.377,0.982863
63.378,0.982800
63.379,0.982737
63.380,0.982673
63.381,0.982609
63.382,0.982544
63.383,0.982479
63.384,0.982413
63.385,0.982348
63.386,0.982281
63.387,0.982215
63.388,0.982147
63.389,0.982080
63.390,0.982012
63.391,0.981943
63.392,0.981874
63.393,0.981805
63.394,0.981735
63.395,0.981665
63.396,0.981595
63.397,0.981523
63.398,0.981452
63.399,0.981380
63.400,0.981307
63.401,0.981234
63.402,0.981161
63.403,0.981087
63.404,0.981013
63.405,0.980938
63.406,0.980862
63.407,0.980786
63.408,0.980710
63.409,0.980633
63.410,0.980556
63.411,0.980478
63.412,0.980399
63.413,0.980320
63.414,0.980241
63.415,0.980161
63.416,0.980080
63.417,0.979999
63.418,0.979917
63.419,0.979835
63.420,0.979752
63.421,0.979669
63.422,0.979585
63.423,0.979501
63.424,0.979416
63.425,0.979330
63.426,0.979244
63.427,0.979157
63.428,0.979069
63.429,0.978981
63.430,0.978893
63.431,0.978803
63.432,0.978714
63.433,0.978623
63.434,0.978532
63.435,0.978440
63.436,0.978348
63.437,0.978254
63.438,0.978161
63.439,0.978066
63.440,0.977971
63.441,0.977875
63.442,0.977779
63.443,0.977682
63.444,0.977584
63.445,0.977485
63.446,0.977386
63.447,0.977286
63.448,0.977185
63.449,0.977084
63.450,0.976981
63.451,0.976879
63.452,0.976775
63.453,0.976670
63.454,0.976565
63.455,0.976459
63.456,0.976352
63.457,0.976245
63.458,0.976136
63.459,0.976027
63.460,0.975917
63.461,0.975806
63.462,0.975694
63.463,0.975582
63.464,0.975468
63.465,0.975354
63.466,0.975239
63.467,0.975123
63.468,0.975006
63.469,0.974888
63.470,0.974769
63.471,0.974650
63.472,0.974529
63.473,0.974408
63.474,0.974285
63.475,0.974162
63.476,0.974037
63.477,0.973912
63.478,0.973786
63.479,0.973658
63.480,0.973530
63.481,0.973401
63.482,0.973270
63.483,0.973139
63.484,0.973006
63.485,0.972873
63.486,0.972738
63.487,0.972603
63.488,0.972466
63.489,0.972328
63.490,0.972189
63.491,0.972049
63.492,0.971907
63.493,0.971765
63.494,0.971621
63.495,0.971476
63.496,0.971330
63.497,0.971183
63.498,0.971035
63.499,0.970885
63.500,0.970734
63.501,0.970582
63.502,0.970428
63.503,0.970274
63.504,0.970118
63.505,0.969960
63.506,0.969801
63.507,0.969641
63.508,0.969480
63.509,0.969317
63.510,0.969153
63.511,0.968987
63.512,0.968820
63.513,0.968651
63.514,0.968481
63.515,0.968310
63.516,0.968137
63.517,0.967962
63.518,0.967786
63.519,0.967609
63.520,0.967429
63.521,0.967249
63.522,0.967066
63.523,0.966882
63.524,0.966696
63.525,0.966509
63.526,0.966320
63.527,0.966129
63.528,0.965937
63.529,0.965743
63.530,0.965547
63.531,0.965349
63.532,0.965149
63.533,0.964948
63.534,0.964744
63.535,0.964539
63.536,0.964332
63.537,0.964123
63.538,0.963912
63.539,0.963699
63.540,0.963484
63.541,0.963267
63.542,0.963047
63.543,0.962826
63.544,0.962603
63.545,0.962377
63.546,0.962150
63.547,0.961920
63.548,0.961688
63.549,0.961454
63.550,0.961217
63.551,0.960978
63.552,0.960737
63.553,0.960493
63.554,0.960247
63.555,0.959999
63.556,0.959748
63.557,0.959495
63.558,0.959239
63.559,0.958980
63.560,0.958719
63.561,0.958455
63.562,0.958189
63.563,0.957920
63.564,0.957648
63.565,0.957373
63.566,0.957096
63.567,0.956815
63.568,0.956532
63.569,0.956246
63.570,0.955957
63.571,0.955665
63.572,0.955369
63.573,0.955071
63.574,0.954770
63.575,0.954465
63.576,0.954157
63.577,0.953846
63.578,0.953531
63.579,0.953213
63.580,0.952892
63.581,0.952567
63.582,0.952239
63.583,0.951907
63.584,0.951571
63.585,0.951232
63.586,0.950889
63.587,0.950542
63.588,0.950192
63.589,0.949837
63.590,0.949479
63.591,0.949116
63.592,0.948750
63.593,0.948379
63.594,0.948004
63.595,0.947625
63.596,0.947241
63.597,0.946853
63.598,0.946461
63.599,0.946064
63.600,0.945663
63.601,0.945256
63.602,0.944846
63.603,0.944430
63.604,0.944009
63.605,0.943583
63.606,0.943153
63.607,0.942717
63.608,0.942276
63.609,0.941830
63.610,0.941378
63.611,0.940921
63.612,0.940458
63.613,0.939990
63.614,0.939516
63.615,0.939036
63.616,0.938550
63.617,0.938058
63.618,0.937560
63.619,0.937056
63.620,0.936546
63.621,0.936029
63.622,0.935505
63.623,0.934975
63.624,0.934439
63.625,0.933895
63.626,0.933344
63.627,0.932787
63.628,0.932222
63.629,0.931649
63.630,0.931070
63.631,0.930482
63.632,0.929887
63.633,0.929284
63.634,0.928673
63.635,0.928054
63.636,0.927427
63.637,0.926791
63.638,0.926147
63.639,0.925494
63.640,0.924832
63.641,0.924161
63.642,0.923480
63.643,0.922791
63.644,0.922092
63.645,0.921383
63.646,0.920664
63.647,0.919935
63.648,0.919196
63.649,0.918447
63.650,0.917686
63.651,0.916915
63.652,0.916133
63.653,0.915340
63.654,0.914535
63.655,0.913719
63.656,0.912890
63.657,0.912050
63.658,0.911197
63.659,0.910332
63.660,0.909453
63.661,0.908562
63.662,0.907657
63.663,0.906739
63.664,0.905807
63.665,0.904860
63.666,0.903900
63.667,0.902924
63.668,0.901934
63.669,0.900928
63.670,0.899907
63.671,0.898869
63.672,0.897816
63.673,0.896745
63.674,0.895658
63.675,0.894554
63.676,0.893432
63.677,0.892292
63.678,0.891134
63.679,0.889957
63.680,0.888760
63.681,0.887545
63.682,0.886309
63.683,0.885053
63.684,0.883776
63.685,0.882478
63.686,0.881158
63.687,0.879816
63.688,0.878451
63.689,0.877064
63.690,0.875652
63.691,0.874217
63.692,0.872756
63.693,0.871271
63.694,0.869759
63.695,0.868222
63.696,0.866657
63.697,0.865065
63.698,0.863445
63.699,0.861795
63.700,0.860117
63.701,0.858408
63.702,0.856668
63.703,0.854897
63.704,0.853094
63.705,0.851258
63.706,0.849388
63.707,0.847483
63.708,0.845543
63.709,0.843567
63.710,0.841554
63.711,0.839503
63.712,0.837414
63.713,0.835284
63.714,0.833114
63.715,0.830903
63.716,0.828649
63.717,0.826351
63.718,0.824008
63.719,0.821620
63.720,0.819186
63.721,0.816703
63.722,0.814171
63.723,0.811589
63.724,0.808955
63.725,0.806268
63.726,0.803528
63.727,0.800732
63.728,0.797879
63.729,0.794968
63.730,0.791998
63.731,0.788966
63.732,0.785872
63.733,0.782714
63.734,0.779490
63.735,0.776199
63.736,0.772839
63.737,0.769408
63.738,0.765905
63.739,0.762328
63.740,0.758674
63.741,0.754943
63.742,0.751132
63.743,0.747239
63.744,0.743262
63.745,0.739199
63.746,0.735048
63.747,0.730807
63.748,0.726474
63.749,0.722047
63.750,0.717522
63.751,0.712898
63.752,0.708173
63.753,0.703344
63.754,0.698409
63.755,0.693364
63.756,0.688208
63.757,0.682939
63.758,0.677553
63.759,0.672047
63.760,0.666420
63.761,0.660669
63.762,0.654790
63.763,0.648781
63.764,0.642640
63.765,0.636364
63.766,0.629950
63.767,0.623395
63.768,0.616697
63.769,0.609853
63.770,0.602861
63.771,0.595717
63.772,0.588421
63.773,0.580968
63.774,0.573357
63.775,0.565586
63.776,0.557652
63.777,0.549554
63.778,0.541290
63.779,0.532858
63.780,0.524257
63.781,0.515486
63.782,0.506544
63.783,0.497431
63.784,0.488145
63.785,0.478688
63.786,0.469060
63.787,0.459262
63.788,0.449294
63.789,0.439160
63.790,0.428862
63.791,0.418402
63.792,0.407784
63.793,0.397013
63.794,0.386094
63.795,0.375033
63.796,0.363836
63.797,0.352511
63.798,0.341067
63.799,0.329513
63.800,0.317859
63.801,0.306119
63.802,0.294303
63.803,0.282427
63.804,0.270504
63.805,0.258553
63.806,0.246589
63.807,0.234633
63.808,0.222704
63.809,0.210823
63.810,0.199013
63.811,0.187298
63.812,0.175703
63.813,0.164254
63.814,0.152978
63.815,0.141902
63.816,0.131057
63.817,0.120471
63.818,0.110175
63.819,0.100199
63.820,0.090575
63.821,0.081333
63.822,0.072504
63.823,0.064118
63.824,0.056206
63.825,0.048797
63.826,0.041918
63.827,0.035597
63.828,0.029859
63.829,0.024727
63.830,0.020223
63.831,0.016366
63.832,0.013174
63.833,0.010660
63.834,0.008838
63.835,0.007715
63.836,0.007297
63.837,0.007589
63.838,0.008589
63.839,0.010295
63.840,0.012701
63.841,0.015797
63.842,0.019573
63.843,0.024012
63.844,0.029099
63.845,0.034814
63.846,0.041134
63.847,0.048037
63.848,0.055495
63.849,0.063483
63.850,0.071971
63.851,0.080931
63.852,0.090331
63.853,0.100140
63.854,0.110327
63.855,0.120861
63.856,0.131710
63.857,0.142842
63.858,0.154227
63.859,0.165834
63.860,0.177635
63.861,0.189599
63.862,0.201700
63.863,0.213910
63.864,0.226205
63.865,0.238559
63.866,0.250951
63.867,0.263357
63.868,0.275758
63.869,0.288135
63.870,0.300469
63.871,0.312744
63.872,0.324944
63.873,0.337056
63.874,0.349066
63.875,0.360964
63.876,0.372737
63.877,0.384378
63.878,0.395876
63.879,0.407225
63.880,0.418419
63.881,0.429450
63.882,0.440315
63.883,0.451009
63.884,0.461529
63.885,0.471871
63.886,0.482034
63.887,0.492016
63.888,0.501816
63.889,0.511433
63.890,0.520868
63.891,0.530119
63.892,0.539188
63.893,0.548076
63.894,0.556784
63.895,0.565313
63.896,0.573665
63.897,0.581842
63.898,0.589845
63.899,0.597678
63.900,0.605343
63.901,0.612841
63.902,0.620177
63.903,0.627351
63.904,0.634368
63.905,0.641230
63.906,0.647939
63.907,0.654499
63.908,0.660913
63.909,0.667183
63.910,0.673313
63.911,0.679305
63.912,0.685163
63.913,0.690889
63.914,0.696486
63.915,0.701957
63.916,0.707306
63.917,0.712534
63.918,0.717644
63.919,0.722640
63.920,0.727524
63.921,0.732298
63.922,0.736966
63.923,0.741530
63.924,0.745991
63.925,0.750354
63.926,0.754620
63.927,0.758791
63.928,0.762871
63.929,0.766860
63.930,0.770762
63.931,0.774578
63.932,0.778311
63.933,0.781963
63.934,0.785536
63.935,0.789031
63.936,0.792451
63.937,0.795798
63.938,0.799072
63.939,0.802278
63.940,0.805414
63.941,0.808485
63.942,0.811491
63.943,0.814433
63.944,0.817314
63.945,0.820135
63.946,0.822897
63.947,0.825603
63.948,0.828252
63.949,0.830847
63.950,0.833389
63.951,0.835880
63.952,0.838320
63.953,0.840710
63.954,0.843053
63.955,0.845349
63.956,0.847599
63.957,0.849805
63.958,0.851967
63.959,0.854086
63.960,0.856164
63.961,0.858202
63.962,0.860200
63.963,0.862159
63.964,0.864081
63.965,0.865966
63.966,0.867815
63.967,0.869630
63.968,0.871409
63.969,0.873156
63.970,0.874869
63.971,0.876551
63.972,0.878202
63.973,0.879822
63.974,0.881412
63.975,0.882974
63.976,0.884507
63.977,0.886012
63.978,0.887490
63.979,0.888941
63.980,0.890367
63.981,0.891767
63.982,0.893142
63.983,0.894493
63.984,0.895820
63.985,0.897125
63.986,0.898406
63.987,0.899665
63.988,0.900903
63.989,0.902119
63.990,0.903315
63.991,0.904490
63.992,0.905645
63.993,0.906781
63.994,0.907898
63.995,0.908996
63.996,0.910075
63.997,0.911137
63.998,0.912182
63.999,0.913209
64.000,0.914220
64.001,0.915214
64.002,0.916192
64.003,0.917154
64.004,0.918100
64.005,0.919032
64.006,0.919949
64.007,0.920851
64.008,0.921739
64.009,0.922613
64.010,0.923473
64.011,0.924320
64.012,0.925154
64.013,0.925975
64.014,0.926784
64.015,0.927579
64.016,0.928363
64.017,0.929135
64.018,0.929895
64.019,0.930644
64.020,0.931382
64.021,0.932108
64.022,0.932824
64.023,0.933529
64.024,0.934224
64.025,0.934909
64.026,0.935583
64.027,0.936248
64.028,0.936903
64.029,0.937549
64.030,0.938185
64.031,0.938812
64.032,0.939431
64.033,0.940040
64.034,0.940641
64.035,0.941234
64.036,0.941818
64.037,0.942394
64.038,0.942961
64.039,0.943522
64.040,0.944074
64.041,0.944619
64.042,0.945156
64.043,0.945686
64.044,0.946208
64.045,0.946724
64.046,0.947233
64.047,0.947735
64.048,0.948230
64.049,0.948718
64.050,0.949200
64.051,0.949676
64.052,0.950145
64.053,0.950608
64.054,0.951065
64.055,0.951517
64.056,0.951962
64.057,0.952402
64.058,0.952835
64.059,0.953264
64.060,0.953687
64.061,0.954104
64.062,0.954516
64.063,0.954923
64.064,0.955325
64.065,0.955722
64.066,0.956114
64.067,0.956501
64.068,0.956883
64.069,0.957260
64.070,0.957633
64.071,0.958001
64.072,0.958365
64.073,0.958724
64.074,0.959079
64.075,0.959429
64.076,0.959776
64.077,0.960118
64.078,0.960456
64.079,0.960790
64.080,0.961120
64.081,0.961446
64.082,0.961768
64.083,0.962087
64.084,0.962401
64.085,0.962713
64.086,0.963020
64.087,0.963324
64.088,0.963624
64.089,0.963921
64.090,0.964215
64.091,0.964505
64.092,0.964791
64.093,0.965075
64.094,0.965355
64.095,0.965632
64.096,0.965906
64.097,0.966177
64.098,0.966445
64.099,0.966710
64.100,0.966972
64.101,0.967231
64.102,0.967488
64.103,0.967741
64.104,0.967992
64.105,0.968239
64.106,0.968485
64.107,0.968727
64.108,0.968967
64.109,0.969204
64.110,0.969439
64.111,0.969671
64.112,0.969901
64.113,0.970128
64.114,0.970353
64.115,0.970576
64.116,0.970796
64.117,0.971014
64.118,0.971229
64.119,0.971443
64.120,0.971654
64.121,0.971862
64.122,0.972069
64.123,0.972274
64.124,0.972476
64.125,0.972677
64.126,0.972875
64.127,0.973071
64.128,0.973266
64.129,0.973458
64.130,0.973648
64.131,0.973837
64.132,0.974023
64.133,0.974208
64.134,0.974391
64.135,0.974572
64.136,0.974751
64.137,0.974929
64.138,0.975104
64.139,0.975278
64.140,0.975451
64.141,0.975621
64.142,0.975790
64.143,0.975957
64.144,0.976123
64.145,0.976287
64.146,0.976450
64.147,0.976611
64.148,0.976770
64.149,0.976928
64.150,0.977084
64.151,0.977239
64.152,0.977392
64.153,0.977544
64.154,0.977695
64.155,0.977844
64.156,0.977991
64.157,0.978138
64.158,0.978283
64.159,0.978426
64.160,0.978569
64.161,0.978709
64.162,0.978849
64.163,0.978987
64.164,0.979125
64.165,0.979260
64.166,0.979395
64.167,0.979528
64.168,0.979661
64.169,0.979791
64.170,0.979921
64.171,0.980050
64.172,0.980177
64.173,0.980304
64.174,0.980429
64.175,0.980553
64.176,0.980676
64.177,0.980798
64.178,0.980919
64.179,0.981038
64.180,0.981157
64.181,0.981275
64.182,0.981391
64.183,0.981507
64.184,0.981621
64.185,0.981735
64.186,0.981848
64.187,0.981959
64.188,0.982070
64.189,0.982180
64.190,0.982289
64.191,0.982396
64.192,0.982503
64.193,0.982609
64.194,0.982715
64.195,0.982819
64.196,0.982922
64.197,0.983025
64.198,0.983126
64.199,0.983227
64.200,0.983327
64.201,0.983426
64.202,0.983525
64.203,0.983622
64.204,0.983719
64.205,0.983815
64.206,0.983910
64.207,0.984004
64.208,0.984098
64.209,0.984190
64.210,0.984282
64.211,0.984374
64.212,0.984464
64.213,0.984554
64.214,0.984643
64.215,0.984731
64.216,0.984819
64.217,0.984906
64.218,0.984992
64.219,0.985078
64.220,0.985163
64.221,0.985247
64.222,0.985330
64.223,0.985413
64.224,0.985495
64.225,0.985577
64.226,0.985658
64.227,0.985738
64.228,0.985818
64.229,0.985897
64.230,0.985976
64.231,0.986053
64.232,0.986131
64.233,0.986207
64.234,0.986283
64.235,0.986359
64.236,0.986434
64.237,0.986508
64.238,0.986582
64.239,0.986655
64.240,0.986728
64.241,0.986800
64.242,0.986871
64.243,0.986942
64.244,0.987013
64.245,0.987083
64.246,0.987152
64.247,0.987221
64.248,0.987289
64.249,0.987357
64.250,0.987424
64.251,0.987491
64.252,0.987558
64.253,0.987624
64.254,0.987689
64.255,0.987754
64.256,0.987818
64.257,0.987882
64.258,0.987946
64.259,0.988009
64.260,0.988071
64.261,0.988134
64.262,0.988195
64.263,0.988256
64.264,0.988317
64.265,0.988378
64.266,0.988438
64.267,0.988497
64.268,0.988556
64.269,0.988615
64.270,0.988673
64.271,0.988731
64.272,0.988788
64.273,0.988845
64.274,0.988902
64.275,0.988958
64.276,0.989014
64.277,0.989069
64.278,0.989124
64.279,0.989179
64.280,0.989233
64.281,0.989287
64.282,0.989341
64.283,0.989394
64.284,0.989446
64.285,0.989499
64.286,0.989551
64.287,0.989603
64.288,0.989654
64.289,0.989705
64.290,0.989756
64.291,0.989806
64.292,0.989856
64.293,0.989905
64.294,0.989955
64.295,0.990004
64.296,0.990052
64.297,0.990101
64.298,0.990148
64.299,0.990196
64.300,0.990243
64.301,0.990290
64.302,0.990337
64.303,0.990384
64.304,0.990430
64.305,0.990475
64.306,0.990521
64.307,0.990566
64.308,0.990611
64.309,0.990655
64.310,0.990700
64.311,0.990744
64.312,0.990787
64.313,0.990831
64.314,0.990874
64.315,0.990917
64.316,0.990959
64.317,0.991002
64.318,0.991044
64.319,0.991085
64.320,0.991127
64.321,0.991168
64.322,0.991209
64.323,0.991250
64.324,0.991290
64.325,0.991330
64.326,0.991370
64.327,0.991410
64.328,0.991449
64.329,0.991489
64.330,0.991528
64.331,0.991566
64.332,0.991605
64.333,0.991643
64.334,0.991681
64.335,0.991719
64.336,0.991756
64.337,0.991793
64.338,0.991830
64.339,0.991867
64.340,0.991904
64.341,0.991940
64.342,0.991976
64.343,0.992012
64.344,0.992048
64.345,0.992083
64.346,0.992118
64.347,0.992153
64.348,0.992188
64.349,0.992223
64.350,0.992257
64.351,0.992291
64.352,0.992325
64.353,0.992359
64.354,0.992392
64.355,0.992426
64.356,0.992459
64.357,0.992492
64.358,0.992524
64.359,0.992557
64.360,0.992589
64.361,0.992622
64.362,0.992654
64.363,0.992685
64.364,0.992717
64.365,0.992748
64.366,0.992779
64.367,0.992811
64.368,0.992841
64.369,0.992872
64.370,0.992903
64.371,0.992933
64.372,0.992963
64.373,0.992993
64.374,0.993023
64.375,0.993052
64.376,0.993082
64.377,0.993111
64.378,0.993140
64.379,0.993169
64.380,0.993198
64.381,0.993226
64.382,0.993255
64.383,0.993283
64.384,0.993311
64.385,0.993339
64.386,0.993367
64.387,0.993394
64.388,0.993422
64.389,0.993449
64.390,0.993476
64.391,0.993503
64.392,0.993530
64.393,0.993557
64.394,0.993583
64.395,0.993610
64.396,0.993636
64.397,0.993662
64.398,0.993688
64.399,0.993714
64.400,0.993739
64.401,0.993765
64.402,0.993790
64.403,0.993816
64.404,0.993841
64.405,0.993866
64.406,0.993890
64.407,0.993915
64.408,0.993940
64.409,0.993964
64.410,0.993988
64.411,0.994012
64.412,0.994036
64.413,0.994060
64.414,0.994084
64.415,0.994108
64.416,0.994131
64.417,0.994154
64.418,0.994178
64.419,0.994201
64.420,0.994224
64.421,0.994247
64.422,0.994269
64.423,0.994292
64.424,0.994314
64.425,0.994337
64.426,0.994359
64.427,0.994381
64.428,0.994403
64.429,0.994425
64.430,0.994447
64.431,0.994468
64.432,0.994490
64.433,0.994511
64.434,0.994533
64.435,0.994554
64.436,0.994575
64.437,0.994596
64.438,0.994617
64.439,0.994638
64.440,0.994658
64.441,0.994679
64.442,0.994699
64.443,0.994720
64.444,0.994740
64.445,0.994760
64.446,0.994780
64.447,0.994800
64.448,0.994820
64.449,0.994839
64.450,0.994859
64.451,0.994878
64.452,0.994898
64.453,0.994917
64.454,0.994936
64.455,0.994955
64.456,0.994974
64.457,0.994993
64.458,0.995012
64.459,0.995031
64.460,0.995049
64.461,0.995068
64.462,0.995086
64.463,0.995105
64.464,0.995123
64.465,0.995141
64.466,0.995159
64.467,0.995177
64.468,0.995195
64.469,0.995213
64.470,0.995230
64.471,0.995248
64.472,0.995265
64.473,0.995283
64.474,0.995300
64.475,0.995317
64.476,0.995335
64.477,0.995352
64.478,0.995369
64.479,0.995386
64.480,0.995402
64.481,0.995419
64.482,0.995436
64.483,0.995452
64.484,0.995469
64.485,0.995485
64.486,0.995502
64.487,0.995518
64.488,0.995534
64.489,0.995550
64.490,0.995566
64.491,0.995582
64.492,0.995598
64.493,0.995614
64.494,0.995629
64.495,0.995645
64.496,0.995661
64.497,0.995676
64.498,0.995691
64.499,0.995707
64.500,0.995722
64.501,0.995737
64.502,0.995752
64.503,0.995767
64.504,0.995782
64.505,0.995797
64.506,0.995812
64.507,0.995827
64.508,0.995842
64.509,0.995856
64.510,0.995871
64.511,0.995885
64.512,0.995900
64.513,0.995914
64.514,0.995928
64.515,0.995942
64.516,0.995956
64.517,0.995971
64.518,0.995985
64.519,0.995998
64.520,0.996012
64.521,0.996026
64.522,0.996040
64.523,0.996054
64.524,0.996067
64.525,0.996081
64.526,0.996094
64.527,0.996108
64.528,0.996121
64.529,0.996134
64.530,0.996148
64.531,0.996161
64.532,0.996174
64.533,0.996187
64.534,0.996200
64.535,0.996213
64.536,0.996226
64.537,0.996238
64.538,0.996251
64.539,0.996264
64.540,0.996277
64.541,0.996289
64.542,0.996302
64.543,0.996314
64.544,0.996327
64.545,0.996339
64.546,0.996351
64.547,0.996363
64.548,0.996376
64.549,0.996388
64.550,0.996400
64.551,0.996412
64.552,0.996424
64.553,0.996436
64.554,0.996448
64.555,0.996459
64.556,0.996471
64.557,0.996483
64.558,0.996495
64.559,0.996506
64.560,0.996518
64.561,0.996529
64.562,0.996541
64.563,0.996552
64.564,0.996563
64.565,0.996575
64.566,0.996586
64.567,0.996597
64.568,0.996608
64.569,0.996619
64.570,0.996630
64.571,0.996641
64.572,0.996652
64.573,0.996663
64.574,0.996674
64.575,0.996685
64.576,0.996696
64.577,0.996706
64.578,0.996717
64.579,0.996728
64.580,0.996738
64.581,0.996749
64.582,0.996759
64.583,0.996770
64.584,0.996780
64.585,0.996790
64.586,0.996801
64.587,0.996811
64.588,0.996821
64.589,0.996831
64.590,0.996841
64.591,0.996852
64.592,0.996862
64.593,0.996872
64.594,0.996882
64.595,0.996891
64.596,0.996901
64.597,0.996911
64.598,0.996921
64.599,0.996931
64.600,0.996940
64.601,0.996950
64.602,0.996960
64.603,0.996969
64.604,0.996979
64.605,0.996988
64.606,0.996998
64.607,0.997007
64.608,0.997016
64.609,0.997026
64.610,0.997035
64.611,0.997044
64.612,0.997054
64.613,0.997063
64.614,0.997072
64.615,0.997081
64.616,0.997090
64.617,0.997099
64.618,0.997108
64.619,0.997117
64.620,0.997126
64.621,0.997135
64.622,0.997144
64.623,0.997153
64.624,0.997161
64.625,0.997170
64.626,0.997179
64.627,0.997187
64.628,0.997196
64.629,0.997205
64.630,0.997213
64.631,0.997222
64.632,0.997230
64.633,0.997239
64.634,0.997247
64.635,0.997255
64.636,0.997264
64.637,0.997272
64.638,0.997280
64.639,0.997289
64.640,0.997297
64.641,0.997305
64.642,0.997313
64.643,0.997321
64.644,0.997329
64.645,0.997337
64.646,0.997345
64.647,0.997353
64.648,0.997361
64.649,0.997369
64.650,0.997377
64.651,0.997385
64.652,0.997393
64.653,0.997401
64.654,0.997408
64.655,0.997416
64.656,0.997424
64.657,0.997432
64.658,0.997439
64.659,0.997447
64.660,0.997454
64.661,0.997462
64.662,0.997469
64.663,0.997477
64.664,0.997484
64.665,0.997492
64.666,0.997499
64.667,0.997507
64.668,0.997514
64.669,0.997521
64.670,0.997529
64.671,0.997536
64.672,0.997543
64.673,0.997550
64.674,0.997557
64.675,0.997565
64.676,0.997572
64.677,0.997579
64.678,0.997586
64.679,0.997593
64.680,0.997600
64.681,0.997607
64.682,0.997614
64.683,0.997621
64.684,0.997628
64.685,0.997635
64.686,0.997641
64.687,0.997648
64.688,0.997655
64.689,0.997662
64.690,0.997669
64.691,0.997675
64.692,0.997682
64.693,0.997689
64.694,0.997695
64.695,0.997702
64.696,0.997708
64.697,0.997715
64.698,0.997722
64.699,0.997728
64.700,0.997735
64.701,0.997741
64.702,0.997747
64.703,0.997754
64.704,0.997760
64.705,0.997767
64.706,0.997773
64.707,0.997779
64.708,0.997786
64.709,0.997792
64.710,0.997798
64.711,0.997804
64.712,0.997811
64.713,0.997817
64.714,0.997823
64.715,0.997829
64.716,0.997835
64.717,0.997841
64.718,0.997847
64.719,0.997853
64.720,0.997859
64.721,0.997865
64.722,0.997871
64.723,0.997877
64.724,0.997883
64.725,0.997889
64.726,0.997895
64.727,0.997901
64.728,0.997907
64.729,0.997912
64.730,0.997918
64.731,0.997924
64.732,0.997930
64.733,0.997936
64.734,0.997941
64.735,0.997947
64.736,0.997953
64.737,0.997958
64.738,0.997964
64.739,0.997970
64.740,0.997975
64.741,0.997981
64.742,0.997986
64.743,0.997992
64.744,0.997997
64.745,0.998003
64.746,0.998008
64.747,0.998014
64.748,0.998019
64.749,0.998025
64.750,0.998030
64.751,0.998035
64.752,0.998041
64.753,0.998046
64.754,0.998051
64.755,0.998057
64.756,0.998062
64.757,0.998067
64.758,0.998072
64.759,0.998078
64.760,0.998083
64.761,0.998088
64.762,0.998093
64.763,0.998098
64.764,0.998103
64.765,0.998108
64.766,0.998114
64.767,0.998119
64.768,0.998124
64.769,0.998129
64.770,0.998134
64.771,0.998139
64.772,0.998144
64.773,0.998149
64.774,0.998154
64.775,0.998159
64.776,0.998163
64.777,0.998168
64.778,0.998173
64.779,0.998178
64.780,0.998183
64.781,0.998188
64.782,0.998193
64.783,0.998197
64.784,0.998202
64.785,0.998207
64.786,0.998212
64.787,0.998216
64.788,0.998221
64.789,0.998226
64.790,0.998230
64.791,0.998235
64.792,0.998240
64.793,0.998244
64.794,0.998249
64.795,0.998254
64.796,0.998258
64.797,0.998263
64.798,0.998267
64.799,0.998272
64.800,0.998276
64.801,0.998281
64.802,0.998285
64.803,0.998290
64.804,0.998294
64.805,0.998299
64.806,0.998303
64.807,0.998308
64.808,0.998312
64.809,0.998316
64.810,0.998321
64.811,0.998325
64.812,0.998329
64.813,0.998334
64.814,0.998338
64.815,0.998342
64.816,0.998347
64.817,0.998351
64.818,0.998355
64.819,0.998359
64.820,0.998363
64.821,0.998368
64.822,0.998372
64.823,0.998376
64.824,0.998380
64.825,0.998384
64.826,0.998388
64.827,0.998393
64.828,0.998397
64.829,0.998401
64.830,0.998405
64.831,0.998409
64.832,0.998413
64.833,0.998417
64.834,0.998421
64.835,0.998425
64.836,0.998429
64.837,0.998433
64.838,0.998437
64.839,0.998441
64.840,0.998445
64.841,0.998449
64.842,0.998453
64.843,0.998457
64.844,0.998461
64.845,0.998464
64.846,0.998468
64.847,0.998472
64.848,0.998476
64.849,0.998480
64.850,0.998484
64.851,0.998487
64.852,0.998491
64.853,0.998495
64.854,0.998499
64.855,0.998503
64.856,0.998506
64.857,0.998510
64.858,0.998514
64.859,0.998517
64.860,0.998521
64.861,0.998525
64.862,0.998528
64.863,0.998532
64.864,0.998536
64.865,0.998539
64.866,0.998543
64.867,0.998547
64.868,0.998550
64.869,0.998554
64.870,0.998557
64.871,0.998561
64.872,0.998564
64.873,0.998568
64.874,0.998572
64.875,0.998575
64.876,0.998579
64.877,0.998582
64.878,0.998586
64.879,0.998589
64.880,0.998592
64.881,0.998596
64.882,0.998599
64.883,0.998603
64.884,0.998606
64.885,0.998610
64.886,0.998613
64.887,0.998616
64.888,0.998620
64.889,0.998623
64.890,0.998626
64.891,0.998630
64.892,0.998633
64.893,0.998636
64.894,0.998640
64.895,0.998643
64.896,0.998646
64.897,0.998650
64.898,0.998653
64.899,0.998656
64.900,0.998659
64.901,0.998663
64.902,0.998666
64.903,0.998669
64.904,0.998672
64.905,0.998675
64.906,0.998679
64.907,0.998682
64.908,0.998685
64.909,0.998688
64.910,0.998691
64.911,0.998694
64.912,0.998698
64.913,0.998701
64.914,0.998704
64.915,0.998707
64.916,0.998710
64.917,0.998713
64.918,0.998716
64.919,0.998719
64.920,0.998722
64.921,0.998725
64.922,0.998728
64.923,0.998731
64.924,0.998734
64.925,0.998737
64.926,0.998740
64.927,0.998743
64.928,0.998746
64.929,0.998749
64.930,0.998752
64.931,0.998755
64.932,0.998758
64.933,0.998761
64.934,0.998764
64.935,0.998767
64.936,0.998770
64.937,0.998773
64.938,0.998776
64.939,0.998778
64.940,0.998781
64.941,0.998784
64.942,0.998787
64.943,0.998790
64.944,0.998793
64.945,0.998795
64.946,0.998798
64.947,0.998801
64.948,0.998804
64.949,0.998807
64.950,0.998809
64.951,0.998812
64.952,0.998815
64.953,0.998818
64.954,0.998820
64.955,0.998823
64.956,0.998826
64.957,0.998829
64.958,0.998831
64.959,0.998834
64.960,0.998837
64.961,0.998839
64.962,0.998842
64.963,0.998845
64.964,0.998847
64.965,0.998850
64.966,0.998853
64.967,0.998855
64.968,0.998858
64.969,0.998861
64.970,0.998863
64.971,0.998866
64.972,0.998868
64.973,0.998871
64.974,0.998874
64.975,0.998876
64.976,0.998879
64.977,0.998881
64.978,0.998884
64.979,0.998886
64.980,0.998889
64.981,0.998892
64.982,0.998894
64.983,0.998897
64.984,0.998899
64.985,0.998902
64.986,0.998904
64.987,0.998907
64.988,0.998909
64.989,0.998912
64.990,0.998914
64.991,0.998916
64.992,0.998919
64.993,0.998921
64.994,0.998924
64.995,0.998926
64.996,0.998929
64.997,0.998931
64.998,0.998933
64.999,0.998936
65.000,0.998938
65.001,0.998941
65.002,0.998943
65.003,0.998945
65.004,0.998948
65.005,0.998950
65.006,0.998952
65.007,0.998955
65.008,0.998957
65.009,0.998960
65.010,0.998962
65.011,0.998964
65.012,0.998966
65.013,0.998969
65.014,0.998971
65.015,0.998973
65.016,0.998976
65.017,0.998978
65.018,0.998980
65.019,0.998982
65.020,0.998985
65.021,0.998987
65.022,0.998989
65.023,0.998991
65.024,0.998994
65.025,0.998996
65.026,0.998998
65.027,0.999000
65.028,0.999003
65.029,0.999005
65.030,0.999007
65.031,0.999009
65.032,0.999011
65.033,0.999014
65.034,0.999016
65.035,0.999018
65.036,0.999020
65.037,0.999022
65.038,0.999024
65.039,0.999026
65.040,0.999029
65.041,0.999031
65.042,0.999033
65.043,0.999035
65.044,0.999037
65.045,0.999039
65.046,0.999041
65.047,0.999043
65.048,0.999045
65.049,0.999048
65.050,0.999050
65.051,0.999052
65.052,0.999054
65.053,0.999056
65.054,0.999058
65.055,0.999060
65.056,0.999062
65.057,0.999064
65.058,0.999066
65.059,0.999068
65.060,0.999070
65.061,0.999072
65.062,0.999074
65.063,0.999076
65.064,0.999078
65.065,0.999080
65.066,0.999082
65.067,0.999084
65.068,0.999086
65.069,0.999088
65.070,0.999090
65.071,0.999092
65.072,0.999094
65.073,0.999096
65.074,0.999098
65.075,0.999100
65.076,0.999102
65.077,0.999103
65.078,0.999105
65.079,0.999107
65.080,0.999109
65.081,0.999111
65.082,0.999113
65.083,0.999115
65.084,0.999117
65.085,0.999119
65.086,0.999121
65.087,0.999122
65.088,0.999124
65.089,0.999126
65.090,0.999128
65.091,0.999130
65.092,0.999132
65.093,0.999134
65.094,0.999135
65.095,0.999137
65.096,0.999139
65.097,0.999141
65.098,0.999143
65.099,0.999144
65.100,0.999146
65.101,0.999148
65.102,0.999150
65.103,0.999152
65.104,0.999153
65.105,0.999155
65.106,0.999157
65.107,0.999159
65.108,0.999161
65.109,0.999162
65.110,0.999164
65.111,0.999166
65.112,0.999168
65.113,0.999169
65.114,0.999171
65.115,0.999173
65.116,0.999174
65.117,0.999176
65.118,0.999178
65.119,0.999180
65.120,0.999181
65.121,0.999183
65.122,0.999185
65.123,0.999186
65.124,0.999188
65.125,0.999190
65.126,0.999192
65.127,0.999193
65.128,0.999195
65.129,0.999197
65.130,0.999198
65.131,0.999200
65.132,0.999202
65.133,0.999203
65.134,0.999205
65.135,0.999206
65.136,0.999208
65.137,0.999210
65.138,0.999211
65.139,0.999213
65.140,0.999215
65.141,0.999216
65.142,0.999218
65.143,0.999219
65.144,0.999221
65.145,0.999223
65.146,0.999224
65.147,0.999226
65.148,0.999227
65.149,0.999229
65.150,0.999231
65.151,0.999232
65.152,0.999234
65.153,0.999235
65.154,0.999237
65.155,0.999238
65.156,0.999240
65.157,0.999242
65.158,0.999243
65.159,0.999245
65.160,0.999246
65.161,0.999248
65.162,0.999249
65.163,0.999251
65.164,0.999252
65.165,0.999254
65.166,0.999255
65.167,0.999257
65.168,0.999258
65.169,0.999260
65.170,0.999261
65.171,0.999263
65.172,0.999264
65.173,0.999266
65.174,0.999267
65.175,0.999269
65.176,0.999270
65.177,0.999272
65.178,0.999273
65.179,0.999275
65.180,0.999276
65.181,0.999278
65.182,0.999279
65.183,0.999280
65.184,0.999282
65.185,0.999283
65.186,0.999285
65.187,0.999286
65.188,0.999288
65.189,0.999289
65.190,0.999290
65.191,0.999292
65.192,0.999293
65.193,0.999295
65.194,0.999296
65.195,0.999298
65.196,0.999299
65.197,0.999300
65.198,0.999302
65.199,0.999303
65.200,0.999305
65.201,0.999306
65.202,0.999307
65.203,0.999309
65.204,0.999310
65.205,0.999311
65.206,0.999313
65.207,0.999314
65.208,0.999315
65.209,0.999317
65.210,0.999318
65.211,0.999320
65.212,0.999321
65.213,0.999322
65.214,0.999324
65.215,0.999325
65.216,0.999326
65.217,0.999328
65.218,0.999329
65.219,0.999330
65.220,0.999332
65.221,0.999333
65.222,0.999334
65.223,0.999335
65.224,0.999337
65.225,0.999338
65.226,0.999339
65.227,0.999341
65.228,0.999342
65.229,0.999343
65.230,0.999345
65.231,0.999346
65.232,0.999347
65.233,0.999348
65.234,0.999350
65.235,0.999351
65.236,0.999352
65.237,0.999353
65.238,0.999355
65.239,0.999356
65.240,0.999357
65.241,0.999358
65.242,0.999360
65.243,0.999361
65.244,0.999362
65.245,0.999363
65.246,0.999365
65.247,0.999366
65.248,0.999367
65.249,0.999368
65.250,0.999370
65.251,0.999371
65.252,0.999372
65.253,0.999373
65.254,0.999374
65.255,0.999376
65.256,0.999377
65.257,0.999378
65.258,0.999379
65.259,0.999380
65.260,0.999382
65.261,0.999383
65.262,0.999384
65.263,0.999385
65.264,0.999386
65.265,0.999388
65.266,0.999389
65.267,0.999390
65.268,0.999391
65.269,0.999392
65.270,0.999393
65.271,0.999395
65.272,0.999396
65.273,0.999397
65.274,0.999398
65.275,0.999399
65.276,0.999400
65.277,0.999401
65.278,0.999403
65.279,0.999404
65.280,0.999405
65.281,0.999406
65.282,0.999407
65.283,0.999408
65.284,0.999409
65.285,0.999411
65.286,0.999412
65.287,0.999413
65.288,0.999414
65.289,0.999415
65.290,0.999416
65.291,0.999417
65.292,0.999418
65.293,0.999419
65.294,0.999421
65.295,0.999422
65.296,0.999423
65.297,0.999424
65.298,0.999425
65.299,0.999426
65.300,0.999427
65.301,0.999428
65.302,0.999429
65.303,0.999430
65.304,0.999431
65.305,0.999432
65.306,0.999434
65.307,0.999435
65.308,0.999436
65.309,0.999437
65.310,0.999438
65.311,0.999439
65.312,0.999440
65.313,0.999441
65.314,0.999442
65.315,0.999443
65.316,0.999444
65.317,0.999445
65.318,0.999446
65.319,0.999447
65.320,0.999448
65.321,0.999449
65.322,0.999450
65.323,0.999451
65.324,0.999452
65.325,0.999453
65.326,0.999454
65.327,0.999455
65.328,0.999456
65.329,0.999457
65.330,0.999458
65.331,0.999459
65.332,0.999460
65.333,0.999461
65.334,0.999462
65.335,0.999463
65.336,0.999464
65.337,0.999465
65.338,0.999466
65.339,0.999467
65.340,0.999468
65.341,0.999469
65.342,0.999470
65.343,0.999471
65.344,0.999472
65.345,0.999473
65.346,0.999474
65.347,0.999475
65.348,0.999476
65.349,0.999477
65.350,0.999478
65.351,0.999479
65.352,0.999480
65.353,0.999481
65.354,0.999482
65.355,0.999483
65.356,0.999484
65.357,0.999485
65.358,0.999486
65.359,0.999487
65.360,0.999488
65.361,0.999488
65.362,0.999489
65.363,0.999490
65.364,0.999491
65.365,0.999492
65.366,0.999493
65.367,0.999494
65.368,0.999495
65.369,0.999496
65.370,0.999497
65.371,0.999498
65.372,0.999499
65.373,0.999500
65.374,0.999500
65.375,0.999501
65.376,0.999502
65.377,0.999503
65.378,0.999504
65.379,0.999505
65.380,0.999506
65.381,0.999507
65.382,0.999508
65.383,0.999509
65.384,0.999509
65.385,0.999510
65.386,0.999511
65.387,0.999512
65.388,0.999513
65.389,0.999514
65.390,0.999515
65.391,0.999516
65.392,0.999516
65.393,0.999517
65.394,0.999518
65.395,0.999519
65.396,0.999520
65.397,0.999521
65.398,0.999522
65.399,0.999523
65.400,0.999523
65.401,0.999524
65.402,0.999525
65.403,0.999526
65.404,0.999527
65.405,0.999528
65.406,0.999528
65.407,0.999529
65.408,0.999530
65.409,0.999531
65.410,0.999532
65.411,0.999533
65.412,0.999534
65.413,0.999534
65.414,0.999535
65.415,0.999536
65.416,0.999537
65.417,0.999538
65.418,0.999538
65.419,0.999539
65.420,0.999540
65.421,0.999541
65.422,0.999542
65.423,0.999543
65.424,0.999543
65.425,0.999544
65.426,0.999545
65.427,0.999546
65.428,0.999547
65.429,0.999547
65.430,0.999548
65.431,0.999549
65.432,0.999550
65.433,0.999551
65.434,0.999551
65.435,0.999552
65.436,0.999553
65.437,0.999554
65.438,0.999555
65.439,0.999555
65.440,0.999556
65.441,0.999557
65.442,0.999558
65.443,0.999558
65.444,0.999559
65.445,0.999560
65.446,0.999561
65.447,0.999562
65.448,0.999562
65.449,0.999563
65.450,0.999564
65.451,0.999565
65.452,0.999565
65.453,0.999566
65.454,0.999567
65.455,0.999568
65.456,0.999568
65.457,0.999569
65.458,0.999570
65.459,0.999571
65.460,0.999571
65.461,0.999572
65.462,0.999573
65.463,0.999574
65.464,0.999574
65.465,0.999575
65.466,0.999576
65.467,0.999577
65.468,0.999577
65.469,0.999578
65.470,0.999579
65.471,0.999580
65.472,0.999580
65.473,0.999581
65.474,0.999582
65.475,0.999582
65.476,0.999583
65.477,0.999584
65.478,0.999585
65.479,0.999585
65.480,0.999586
65.481,0.999587
65.482,0.999587
65.483,0.999588
65.484,0.999589
65.485,0.999590
65.486,0.999590
65.487,0.999591
65.488,0.999592
65.489,0.999592
65.490,0.999593
65.491,0.999594
65.492,0.999595
65.493,0.999595
65.494,0.999596
65.495,0.999597
65.496,0.999597
65.497,0.999598
65.498,0.999599
65.499,0.999599
65.500,0.999600
65.501,0.999601
65.502,0.999601
65.503,0.999602
65.504,0.999603
65.505,0.999603
65.506,0.999604
65.507,0.999605
65.508,0.999606
65.509,0.999606
65.510,0.999607
65.511,0.999608
65.512,0.999608
65.513,0.999609
65.514,0.999610
65.515,0.999610
65.516,0.999611
65.517,0.999612
65.518,0.999612
65.519,0.999613
65.520,0.999614
65.521,0.999614
65.522,0.999615
65.523,0.999615
65.524,0.999616
65.525,0.999617
65.526,0.999617
65.527,0.999618
65.528,0.999619
65.529,0.999619
65.530,0.999620
65.531,0.999621
65.532,0.999621
65.533,0.999622
65.534,0.999623
65.535,0.999623
65.536,0.999624
65.537,0.999624
65.538,0.999625
65.539,0.999626
65.540,0.999626
65.541,0.999627
65.542,0.999628
65.543,0.999628
65.544,0.999629
65.545,0.999629
65.546,0.999630
65.547,0.999631
65.548,0.999631
65.549,0.999632
65.550,0.999633
65.551,0.999633
65.552,0.999634
65.553,0.999634
65.554,0.999635
65.555,0.999636
65.556,0.999636
65.557,0.999637
65.558,0.999637
65.559,0.999638
65.560,0.999639
65.561,0.999639
65.562,0.999640
65.563,0.999640
65.564,0.999641
65.565,0.999642
65.566,0.999642
65.567,0.999643
65.568,0.999643
65.569,0.999644
65.570,0.999645
65.571,0.999645
65.572,0.999646
65.573,0.999646
65.574,0.999647
65.575,0.999648
65.576,0.999648
65.577,0.999649
65.578,0.999649
65.579,0.999650
65.580,0.999651
65.581,0.999651
65.582,0.999652
65.583,0.999652
65.584,0.999653
65.585,0.999653
65.586,0.999654
65.587,0.999655
65.588,0.999655
65.589,0.999656
65.590,0.999656
65.591,0.999657
65.592,0.999657
65.593,0.999658
65.594,0.999658
65.595,0.999659
65.596,0.999660
65.597,0.999660
65.598,0.999661
65.599,0.999661
65.600,0.999662
65.601,0.999662
65.602,0.999663
65.603,0.999664
65.604,0.999664
65.605,0.999665
65.606,0.999665
65.607,0.999666
65.608,0.999666
65.609,0.999667
65.610,0.999667
65.611,0.999668
65.612,0.999668
65.613,0.999669
65.614,0.999670
65.615,0.999670
65.616,0.999671
65.617,0.999671
65.618,0.999672
65.619,0.999672
65.620,0.999673
65.621,0.999673
65.622,0.999674
65.623,0.999674
65.624,0.999675
65.625,0.999675
65.626,0.999676
65.627,0.999676
65.628,0.999677
65.629,0.999677
65.630,0.999678
65.631,0.999679
65.632,0.999679
65.633,0.999680
65.634,0.999680
65.635,0.999681
65.636,0.999681
65.637,0.999682
65.638,0.999682
65.639,0.999683
65.640,0.999683
65.641,0.999684
65.642,0.999684
65.643,0.999685
65.644,0.999685
65.645,0.999686
65.646,0.999686
65.647,0.999687
65.648,0.999687
65.649,0.999688
65.650,0.999688
65.651,0.999689
65.652,0.999689
65.653,0.999690
65.654,0.999690
65.655,0.999691
65.656,0.999691
65.657,0.999692
65.658,0.999692
65.659,0.999693
65.660,0.999693
65.661,0.999694
65.662,0.999694
65.663,0.999695
65.664,0.999695
65.665,0.999696
65.666,0.999696
65.667,0.999697
65.668,0.999697
65.669,0.999698
65.670,0.999698
65.671,0.999699
65.672,0.999699
65.673,0.999700
65.674,0.999700
65.675,0.999700
65.676,0.999701
65.677,0.999701
65.678,0.999702
65.679,0.999702
65.680,0.999703
65.681,0.999703
65.682,0.999704
65.683,0.999704
65.684,0.999705
65.685,0.999705
65.686,0.999706
65.687,0.999706
65.688,0.999707
65.689,0.999707
65.690,0.999708
65.691,0.999708
65.692,0.999708
65.693,0.999709
65.694,0.999709
65.695,0.999710
65.696,0.999710
65.697,0.999711
65.698,0.999711
65.699,0.999712
65.700,0.999712
65.701,0.999713
65.702,0.999713
65.703,0.999713
65.704,0.999714
65.705,0.999714
65.706,0.999715
65.707,0.999715
65.708,0.999716
65.709,0.999716
65.710,0.999717
65.711,0.999717
65.712,0.999718
65.713,0.999718
65.714,0.999718
65.715,0.999719
65.716,0.999719
65.717,0.999720
65.718,0.999720
65.719,0.999721
65.720,0.999721
65.721,0.999721
65.722,0.999722
65.723,0.999722
65.724,0.999723
65.725,0.999723
65.726,0.999724
65.727,0.999724
65.728,0.999724
65.729,0.999725
65.730,0.999725
65.731,0.999726
65.732,0.999726
65.733,0.999727
65.734,0.999727
65.735,0.999727
65.736,0.999728
65.737,0.999728
65.738,0.999729
65.739,0.999729
65.740,0.999730
65.741,0.999730
65.742,0.999730
65.743,0.999731
65.744,0.999731
65.745,0.999732
65.746,0.999732
65.747,0.999733
65.748,0.999733
65.749,0.999733
65.750,0.999734
65.751,0.999734
65.752,0.999735
65.753,0.999735
65.754,0.999735
65.755,0.999736
65.756,0.999736
65.757,0.999737
65.758,0.999737
65.759,0.999737
65.760,0.999738
65.761,0.999738
65.762,0.999739
65.763,0.999739
65.764,0.999739
65.765,0.999740
65.766,0.999740
65.767,0.999741
65.768,0.999741
65.769,0.999741
65.770,0.999742
65.771,0.999742
65.772,0.999743
65.773,0.999743
65.774,0.999743
65.775,0.999744
65.776,0.999744
65.777,0.999745
65.778,0.999745
65.779,0.999745
65.780,0.999746
65.781,0.999746
65.782,0.999747
65.783,0.999747
65.784,0.999747
65.785,0.999748
65.786,0.999748
65.787,0.999748
65.788,0.999749
65.789,0.999749
65.790,0.999750
65.791,0.999750
65.792,0.999750
65.793,0.999751
65.794,0.999751
65.795,0.999752
65.796,0.999752
65.797,0.999752
65.798,0.999753
65.799,0.999753
65.800,0.999753
65.801,0.999754
65.802,0.999754
65.803,0.999755
65.804,0.999755
65.805,0.999755
65.806,0.999756
65.807,0.999756
65.808,0.999756
65.809,0.999757
65.810,0.999757
65.811,0.999757
65.812,0.999758
65.813,0.999758
65.814,0.999759
65.815,0.999759
65.816,0.999759
65.817,0.999760
65.818,0.999760
65.819,0.999760
65.820,0.999761
65.821,0.999761
65.822,0.999761
65.823,0.999762
65.824,0.999762
65.825,0.999763
65.826,0.999763
65.827,0.999763
65.828,0.999764
65.829,0.999764
65.830,0.999764
65.831,0.999765
65.832,0.999765
65.833,0.999765
65.834,0.999766
65.835,0.999766
65.836,0.999766
65.837,0.999767
65.838,0.999767
65.839,0.999767
65.840,0.999768
65.841,0.999768
65.842,0.999769
65.843,0.999769
65.844,0.999769
65.845,0.999770
65.846,0.999770
65.847,0.999770
65.848,0.999771
65.849,0.999771
65.850,0.999771
65.851,0.999772
65.852,0.999772
65.853,0.999772
65.854,0.999773
65.855,0.999773
65.856,0.999773
65.857,0.999774
65.858,0.999774
65.859,0.999774
65.860,0.999775
65.861,0.999775
65.862,0.999775
65.863,0.999776
65.864,0.999776
65.865,0.999776
65.866,0.999777
65.867,0.999777
65.868,0.999777
65.869,0.999778
65.870,0.999778
65.871,0.999778
65.872,0.999779
65.873,0.999779
65.874,0.999779
65.875,0.999780
65.876,0.999780
65.877,0.999780
65.878,0.999781
65.879,0.999781
65.880,0.999781
65.881,0.999782
65.882,0.999782
65.883,0.999782
65.884,0.999783
65.885,0.999783
65.886,0.999783
65.887,0.999783
65.888,0.999784
65.889,0.999784
65.890,0.999784
65.891,0.999785
65.892,0.999785
65.893,0.999785
65.894,0.999786
65.895,0.999786
65.896,0.999786
65.897,0.999787
65.898,0.999787
65.899,0.999787
65.900,0.999788
65.901,0.999788
65.902,0.999788
65.903,0.999788
65.904,0.999789
65.905,0.999789
65.906,0.999789
65.907,0.999790
65.908,0.999790
65.909,0.999790
65.910,0.999791
65.911,0.999791
65.912,0.999791
65.913,0.999792
65.914,0.999792
65.915,0.999792
65.916,0.999792
65.917,0.999793
65.918,0.999793
65.919,0.999793
65.920,0.999794
65.921,0.999794
65.922,0.999794
65.923,0.999795
65.924,0.999795
65.925,0.999795
65.926,0.999795
65.927,0.999796
65.928,0.999796
65.929,0.999796
65.930,0.999797
65.931,0.999797
65.932,0.999797
65.933,0.999798
65.934,0.999798
65.935,0.999798
65.936,0.999798
65.937,0.999799
65.938,0.999799
65.939,0.999799
65.940,0.999800
65.941,0.999800
65.942,0.999800
65.943,0.999800
65.944,0.999801
65.945,0.999801
65.946,0.999801
65.947,0.999802
65.948,0.999802
65.949,0.999802
65.950,0.999802
65.951,0.999803
65.952,0.999803
65.953,0.999803
65.954,0.999804
65.955,0.999804
65.956,0.999804
65.957,0.999804
65.958,0.999805
65.959,0.999805
65.960,0.999805
65.961,0.999806
65.962,0.999806
65.963,0.999806
65.964,0.999806
65.965,0.999807
65.966,0.999807
65.967,0.999807
65.968,0.999807
65.969,0.999808
65.970,0.999808
65.971,0.999808
65.972,0.999809
65.973,0.999809
65.974,0.999809
65.975,0.999809
65.976,0.999810
65.977,0.999810
65.978,0.999810
65.979,0.999810
65.980,0.999811
65.981,0.999811
65.982,0.999811
65.983,0.999812
65.984,0.999812
65.985,0.999812
65.986,0.999812
65.987,0.999813
65.988,0.999813
65.989,0.999813
65.990,0.999813
65.991,0.999814
65.992,0.999814
65.993,0.999814
65.994,0.999814
65.995,0.999815
65.996,0.999815
65.997,0.999815
65.998,0.999816
65.999,0.999816
66.000,0.999816
66.001,0.999816
66.002,0.999817
66.003,0.999817
66.004,0.999817
66.005,0.999817
66.006,0.999818
66.007,0.999818
66.008,0.999818
66.009,0.999818
66.010,0.999819
66.011,0.999819
66.012,0.999819
66.013,0.999819
66.014,0.999820
66.015,0.999820
66.016,0.999820
66.017,0.999820
66.018,0.999821
66.019,0.999821
66.020,0.999821
66.021,0.999821
66.022,0.999822
66.023,0.999822
66.024,0.999822
66.025,0.999822
66.026,0.999823
66.027,0.999823
66.028,0.999823
66.029,0.999823
66.030,0.999824
66.031,0.999824
66.032,0.999824
66.033,0.999824
66.034,0.999825
66.035,0.999825
66.036,0.999825
66.037,0.999825
66.038,0.999826
66.039,0.999826
66.040,0.999826
66.041,0.999826
66.042,0.999827
66.043,0.999827
66.044,0.999827
66.045,0.999827
66.046,0.999828
66.047,0.999828
66.048,0.999828
66.049,0.999828
66.050,0.999829
66.051,0.999829
66.052,0.999829
66.053,0.999829
66.054,0.999829
66.055,0.999830
66.056,0.999830
66.057,0.999830
66.058,0.999830
66.059,0.999831
66.060,0.999831
66.061,0.999831
66.062,0.999831
66.063,0.999832
66.064,0.999832
66.065,0.999832
66.066,0.999832
66.067,0.999833
66.068,0.999833
66.069,0.999833
66.070,0.999833
66.071,0.999833
66.072,0.999834
66.073,0.999834
66.074,0.999834
66.075,0.999834
66.076,0.999835
66.077,0.999835
66.078,0.999835
66.079,0.999835
66.080,0.999836
66.081,0.999836
66.082,0.999836
66.083,0.999836
66.084,0.999836
66.085,0.999837
66.086,0.999837
66.087,0.999837
66.088,0.999837
66.089,0.999838
66.090,0.999838
66.091,0.999838
66.092,0.999838
66.093,0.999838
66.094,0.999839
66.095,0.999839
66.096,0.999839
66.097,0.999839
66.098,0.999840
66.099,0.999840
66.100,0.999840
66.101,0.999840
66.102,0.999840
66.103,0.999841
66.104,0.999841
66.105,0.999841
66.106,0.999841
66.107,0.999842
66.108,0.999842
66.109,0.999842
66.110,0.999842
66.111,0.999842
66.112,0.999843
66.113,0.999843
66.114,0.999843
66.115,0.999843
66.116,0.999843
66.117,0.999844
66.118,0.999844
66.119,0.999844
66.120,0.999844
66.121,0.999845
66.122,0.999845
66.123,0.999845
66.124,0.999845
66.125,0.999845
66.126,0.999846
66.127,0.999846
66.128,0.999846
66.129,0.999846
66.130,0.999846
66.131,0.999847
66.132,0.999847
66.133,0.999847
66.134,0.999847
66.135,0.999847
66.136,0.999848
66.137,0.999848
66.138,0.999848
66.139,0.999848
66.140,0.999848
66.141,0.999849
66.142,0.999849
66.143,0.999849
66.144,0.999849
66.145,0.999850
66.146,0.999850
66.147,0.999850
66.148,0.999850
66.149,0.999850
66.150,0.999851
66.151,0.999851
66.152,0.999851
66.153,0.999851
66.154,0.999851
66.155,0.999852
66.156,0.999852
66.157,0.999852
66.158,0.999852
66.159,0.999852
66.160,0.999853
66.161,0.999853
66.162,0.999853
66.163,0.999853
66.164,0.999853
66.165,0.999854
66.166,0.999854
66.167,0.999854
66.168,0.999854
66.169,0.999854
66.170,0.999854
66.171,0.999855
66.172,0.999855
66.173,0.999855
66.174,0.999855
66.175,0.999855
66.176,0.999856
66.177,0.999856
66.178,0.999856
66.179,0.999856
66.180,0.999856
66.181,0.999857
66.182,0.999857
66.183,0.999857
66.184,0.999857
66.185,0.999857
66.186,0.999858
66.187,0.999858
66.188,0.999858
66.189,0.999858
66.190,0.999858
66.191,0.999859
66.192,0.999859
66.193,0.999859
66.194,0.999859
66.195,0.999859
66.196,0.999859
66.197,0.999860
66.198,0.999860
66.199,0.999860
66.200,0.999860
66.201,0.999860
66.202,0.999861
66.203,0.999861
66.204,0.999861
66.205,0.999861
66.206,0.999861
66.207,0.999862
66.208,0.999862
66.209,0.999862
66.210,0.999862
66.211,0.999862
66.212,0.999862
66.213,0.999863
66.214,0.999863
66.215,0.999863
66.216,0.999863
66.217,0.999863
66.218,0.999864
66.219,0.999864
66.220,0.999864
66.221,0.999864
66.222,0.999864
66.223,0.999864
66.224,0.999865
66.225,0.999865
66.226,0.999865
66.227,0.999865
66.228,0.999865
66.229,0.999865
66.230,0.999866
66.231,0.999866
66.232,0.999866
66.233,0.999866
66.234,0.999866
66.235,0.999867
66.236,0.999867
66.237,0.999867
66.238,0.999867
66.239,0.999867
66.240,0.999867
66.241,0.999868
66.242,0.999868
66.243,0.999868
66.244,0.999868
66.245,0.999868
66.246,0.999868
66.247,0.999869
66.248,0.999869
66.249,0.999869
66.250,0.999869
66.251,0.999869
66.252,0.999869
66.253,0.999870
66.254,0.999870
66.255,0.999870
66.256,0.999870
66.257,0.999870
66.258,0.999871
66.259,0.999871
66.260,0.999871
66.261,0.999871
66.262,0.999871
66.263,0.999871
66.264,0.999872
66.265,0.999872
66.266,0.999872
66.267,0.999872
66.268,0.999872
66.269,0.999872
66.270,0.999873
66.271,0.999873
66.272,0.999873
66.273,0.999873
66.274,0.999873
66.275,0.999873
66.276,0.999874
66.277,0.999874
66.278,0.999874
66.279,0.999874
66.280,0.999874
66.281,0.999874
66.282,0.999874
66.283,0.999875
66.284,0.999875
66.285,0.999875
66.286,0.999875
66.287,0.999875
66.288,0.999875
66.289,0.999876
66.290,0.999876
66.291,0.999876
66.292,0.999876
66.293,0.999876
66.294,0.999876
66.295,0.999877
66.296,0.999877
66.297,0.999877
66.298,0.999877
66.299,0.999877
66.300,0.999877
66.301,0.999878
66.302,0.999878
66.303,0.999878
66.304,0.999878
66.305,0.999878
66.306,0.999878
66.307,0.999878
66.308,0.999879
66.309,0.999879
66.310,0.999879
66.311,0.999879
66.312,0.999879
66.313,0.999879
66.314,0.999880
66.315,0.999880
66.316,0.999880
66.317,0.999880
66.318,0.999880
66.319,0.999880
66.320,0.999881
66.321,0.999881
66.322,0.999881
66.323,0.999881
66.324,0.999881
66.325,0.999881
66.326,0.999881
66.327,0.999882
66.328,0.999882
66.329,0.999882
66.330,0.999882
66.331,0.999882
66.332,0.999882
66.333,0.999882
66.334,0.999883
66.335,0.999883
66.336,0.999883
66.337,0.999883
66.338,0.999883
66.339,0.999883
66.340,0.999884
66.341,0.999884
66.342,0.999884
66.343,0.999884
66.344,0.999884
66.345,0.999884
66.346,0.999884
66.347,0.999885
66.348,0.999885
66.349,0.999885
66.350,0.999885
66.351,0.999885
66.352,0.999885
66.353,0.999885
66.354,0.999886
66.355,0.999886
66.356,0.999886
66.357,0.999886
66.358,0.999886
66.359,0.999886
66.360,0.999886
66.361,0.999887
66.362,0.999887
66.363,0.999887
66.364,0.999887
66.365,0.999887
66.366,0.999887
66.367,0.999887
66.368,0.999888
66.369,0.999888
66.370,0.999888
66.371,0.999888
66.372,0.999888
66.373,0.999888
66.374,0.999888
66.375,0.999889
66.376,0.999889
66.377,0.999889
66.378,0.999889
66.379,0.999889
66.380,0.999889
66.381,0.999889
66.382,0.999890
66.383,0.999890
66.384,0.999890
66.385,0.999890
66.386,0.999890
66.387,0.999890
66.388,0.999890
66.389,0.999891
66.390,0.999891
66.391,0.999891
66.392,0.999891
66.393,0.999891
66.394,0.999891
66.395,0.999891
66.396,0.999892
66.397,0.999892
66.398,0.999892
66.399,0.999892
66.400,0.999892
66.401,0.999892
66.402,0.999892
66.403,0.999892
66.404,0.999893
66.405,0.999893
66.406,0.999893
66.407,0.999893
66.408,0.999893
66.409,0.999893
66.410,0.999893
66.411,0.999894
66.412,0.999894
66.413,0.999894
66.414,0.999894
66.415,0.999894
66.416,0.999894
66.417,0.999894
66.418,0.999894
66.419,0.999895
66.420,0.999895
66.421,0.999895
66.422,0.999895
66.423,0.999895
66.424,0.999895
66.425,0.999895
66.426,0.999896
66.427,0.999896
66.428,0.999896
66.429,0.999896
66.430,0.999896
66.431,0.999896
66.432,0.999896
66.433,0.999896
66.434,0.999897
66.435,0.999897
66.436,0.999897
66.437,0.999897
66.438,0.999897
66.439,0.999897
66.440,0.999897
66.441,0.999897
66.442,0.999898
66.443,0.999898
66.444,0.999898
66.445,0.999898
66.446,0.999898
66.447,0.999898
66.448,0.999898
66.449,0.999898
66.450,0.999899
66.451,0.999899
66.452,0.999899
66.453,0.999899
66.454,0.999899
66.455,0.999899
66.456,0.999899
66.457,0.999899
66.458,0.999900
66.459,0.999900
66.460,0.999900
66.461,0.999900
66.462,0.999900
66.463,0.999900
66.464,0.999900
66.465,0.999900
66.466,0.999901
66.467,0.999901
66.468,0.999901
66.469,0.999901
66.470,0.999901
66.471,0.999901
66.472,0.999901
66.473,0.999901
66.474,0.999902
66.475,0.999902
66.476,0.999902
66.477,0.999902
66.478,0.999902
66.479,0.999902
66.480,0.999902
66.481,0.999902
66.482,0.999903
66.483,0.999903
66.484,0.999903
66.485,0.999903
66.486,0.999903
66.487,0.999903
66.488,0.999903
66.489,0.999903
66.490,0.999903
66.491,0.999904
66.492,0.999904
66.493,0.999904
66.494,0.999904
66.495,0.999904
66.496,0.999904
66.497,0.999904
66.498,0.999904
66.499,0.999905
66.500,0.999905
66.501,0.999905
66.502,0.999905
66.503,0.999905
66.504,0.999905
66.505,0.999905
66.506,0.999905
66.507,0.999905
66.508,0.999906
66.509,0.999906
66.510,0.999906
66.511,0.999906
66.512,0.999906
66.513,0.999906
66.514,0.999906
66.515,0.999906
66.516,0.999906
66.517,0.999907
66.518,0.999907
66.519,0.999907
66.520,0.999907
66.521,0.999907
66.522,0.999907
66.523,0.999907
66.524,0.999907
66.525,0.999908
66.526,0.999908
66.527,0.999908
66.528,0.999908
66.529,0.999908
66.530,0.999908
66.531,0.999908
66.532,0.999908
66.533,0.999908
66.534,0.999909
66.535,0.999909
66.536,0.999909
66.537,0.999909
66.538,0.999909
66.539,0.999909
66.540,0.999909
66.541,0.999909
66.542,0.999909
66.543,0.999910
66.544,0.999910
66.545,0.999910
66.546,0.999910
66.547,0.999910
66.548,0.999910
66.549,0.999910
66.550,0.999910
66.551,0.999910
66.552,0.999910
66.553,0.999911
66.554,0.999911
66.555,0.999911
66.556,0.999911
66.557,0.999911
66.558,0.999911
66.559,0.999911
66.560,0.999911
66.561,0.999911
66.562,0.999912
66.563,0.999912
66.564,0.999912
66.565,0.999912
66.566,0.999912
66.567,0.999912
66.568,0.999912
66.569,0.999912
66.570,0.999912
66.571,0.999913
66.572,0.999913
66.573,0.999913
66.574,0.999913
66.575,0.999913
66.576,0.999913
66.577,0.999913
66.578,0.999913
66.579,0.999913
66.580,0.999913
66.581,0.999914
66.582,0.999914
66.583,0.999914
66.584,0.999914
66.585,0.999914
66.586,0.999914
66.587,0.999914
66.588,0.999914
66.589,0.999914
66.590,0.999914
66.591,0.999915
66.592,0.999915
66.593,0.999915
66.594,0.999915
66.595,0.999915
66.596,0.999915
66.597,0.999915
66.598,0.999915
66.599,0.999915
66.600,0.999915
66.601,0.999916
66.602,0.999916
66.603,0.999916
66.604,0.999916
66.605,0.999916
66.606,0.999916
66.607,0.999916
66.608,0.999916
66.609,0.999916
66.610,0.999916
66.611,0.999917
66.612,0.999917
66.613,0.999917
66.614,0.999917
66.615,0.999917
66.616,0.999917
66.617,0.999917
66.618,0.999917
66.619,0.999917
66.620,0.999917
66.621,0.999918
66.622,0.999918
66.623,0.999918
66.624,0.999918
66.625,0.999918
66.626,0.999918
66.627,0.999918
66.628,0.999918
66.629,0.999918
66.630,0.999918
66.631,0.999919
66.632,0.999919
66.633,0.999919
66.634,0.999919
66.635,0.999919
66.636,0.999919
66.637,0.999919
66.638,0.999919
66.639,0.999919
66.640,0.999919
66.641,0.999920
66.642,0.999920
66.643,0.999920
66.644,0.999920
66.645,0.999920
66.646,0.999920
66.647,0.999920
66.648,0.999920
66.649,0.999920
66.650,0.999920
66.651,0.999920
66.652,0.999921
66.653,0.999921
66.654,0.999921
66.655,0.999921
66.656,0.999921
66.657,0.999921
66.658,0.999921
66.659,0.999921
66.660,0.999921
66.661,0.999921
66.662,0.999921
66.663,0.999922
66.664,0.999922
66.665,0.999922
66.666,0.999922
66.667,0.999922
66.668,0.999922
66.669,0.999922
66.670,0.999922
66.671,0.999922
66.672,0.999922
66.673,0.999922
66.674,0.999923
66.675,0.999923
66.676,0.999923
66.677,0.999923
66.678,0.999923
66.679,0.999923
66.680,0.999923
66.681,0.999923
66.682,0.999923
66.683,0.999923
66.684,0.999923
66.685,0.999924
66.686,0.999924
66.687,0.999924
66.688,0.999924
66.689,0.999924
66.690,0.999924
66.691,0.999924
66.692,0.999924
66.693,0.999924
66.694,0.999924
66.695,0.999924
66.696,0.999925
66.697,0.999925
66.698,0.999925
66.699,0.999925
66.700,0.999925
66.701,0.999925
66.702,0.999925
66.703,0.999925
66.704,0.999925
66.705,0.999925
66.706,0.999925
66.707,0.999925
66.708,0.999926
66.709,0.999926
66.710,0.999926
66.711,0.999926
66.712,0.999926
66.713,0.999926
66.714,0.999926
66.715,0.999926
66.716,0.999926
66.717,0.999926
66.718,0.999926
66.719,0.999927
66.720,0.999927
66.721,0.999927
66.722,0.999927
66.723,0.999927
66.724,0.999927
66.725,0.999927
66.726,0.999927
66.727,0.999927
66.728,0.999927
66.729,0.999927
66.730,0.999927
66.731,0.999928
66.732,0.999928
66.733,0.999928
66.734,0.999928
66.735,0.999928
66.736,0.999928
66.737,0.999928
66.738,0.999928
66.739,0.999928
66.740,0.999928
66.741,0.999928
66.742,0.999928
66.743,0.999929
66.744,0.999929
66.745,0.999929
66.746,0.999929
66.747,0.999929
66.748,0.999929
66.749,0.999929
66.750,0.999929
66.751,0.999929
66.752,0.999929
66.753,0.999929
66.754,0.999929
66.755,0.999930
66.756,0.999930
66.757,0.999930
66.758,0.999930
66.759,0.999930
66.760,0.999930
66.761,0.999930
66.762,0.999930
66.763,0.999930
66.764,0.999930
66.765,0.999930
66.766,0.999930
66.767,0.999930
66.768,0.999931
66.769,0.999931
66.770,0.999931
66.771,0.999931
66.772,0.999931
66.773,0.999931
66.774,0.999931
66.775,0.999931
66.776,0.999931
66.777,0.999931
66.778,0.999931
66.779,0.999931
66.780,0.999932
66.781,0.999932
66.782,0.999932
66.783,0.999932
66.784,0.999932
66.785,0.999932
66.786,0.999932
66.787,0.999932
66.788,0.999932
66.789,0.999932
66.790,0.999932
66.791,0.999932
66.792,0.999932
66.793,0.999933
66.794,0.999933
66.795,0.999933
66.796,0.999933
66.797,0.999933
66.798,0.999933
66.799,0.999933
66.800,0.999933
66.801,0.999933
66.802,0.999933
66.803,0.999933
66.804,0.999933
66.805,0.999933
66.806,0.999933
66.807,0.999934
66.808,0.999934
66.809,0.999934
66.810,0.999934
66.811,0.999934
66.812,0.999934
66.813,0.999934
66.814,0.999934
66.815,0.999934
66.816,0.999934
66.817,0.999934
66.818,0.999934
66.819,0.999934
66.820,0.999935
66.821,0.999935
66.822,0.999935
66.823,0.999935
66.824,0.999935
66.825,0.999935
66.826,0.999935
66.827,0.999935
66.828,0.999935
66.829,0.999935
66.830,0.999935
66.831,0.999935
66.832,0.999935
66.833,0.999935
66.834,0.999936
66.835,0.999936
66.836,0.999936
66.837,0.999936
66.838,0.999936
66.839,0.999936
66.840,0.999936
66.841,0.999936
66.842,0.999936
66.843,0.999936
66.844,0.999936
66.845,0.999936
66.846,0.999936
66.847,0.999937
66.848,0.999937
66.849,0.999937
66.850,0.999937
66.851,0.999937
66.852,0.999937
66.853,0.999937
66.854,0.999937
66.855,0.999937
66.856,0.999937
66.857,0.999937
66.858,0.999937
66.859,0.999937
66.860,0.999937
66.861,0.999937
66.862,0.999938
66.863,0.999938
66.864,0.999938
66.865,0.999938
66.866,0.999938
66.867,0.999938
66.868,0.999938
66.869,0.999938
66.870,0.999938
66.871,0.999938
66.872,0.999938
66.873,0.999938
66.874,0.999938
66.875,0.999938
66.876,0.999939
66.877,0.999939
66.878,0.999939
66.879,0.999939
66.880,0.999939
66.881,0.999939
66.882,0.999939
66.883,0.999939
66.884,0.999939
66.885,0.999939
66.886,0.999939
66.887,0.999939
66.888,0.999939
66.889,0.999939
66.890,0.999939
66.891,0.999940
66.892,0.999940
66.893,0.999940
66.894,0.999940
66.895,0.999940
66.896,0.999940
66.897,0.999940
66.898,0.999940
66.899,0.999940
66.900,0.999940
66.901,0.999940
66.902,0.999940
66.903,0.999940
66.904,0.999940
66.905,0.999940
66.906,0.999941
66.907,0.999941
66.908,0.999941
66.909,0.999941
66.910,0.999941
66.911,0.999941
66.912,0.999941
66.913,0.999941
66.914,0.999941
66.915,0.999941
66.916,0.999941
66.917,0.999941
66.918,0.999941
66.919,0.999941
66.920,0.999941
66.921,0.999942
66.922,0.999942
66.923,0.999942
66.924,0.999942
66.925,0.999942
66.926,0.999942
66.927,0.999942
66.928,0.999942
66.929,0.999942
66.930,0.999942
66.931,0.999942
66.932,0.999942
66.933,0.999942
66.934,0.999942
66.935,0.999942
66.936,0.999942
66.937,0.999943
66.938,0.999943
66.939,0.999943
66.940,0.999943
66.941,0.999943
66.942,0.999943
66.943,0.999943
66.944,0.999943
66.945,0.999943
66.946,0.999943
66.947,0.999943
66.948,0.999943
66.949,0.999943
66.950,0.999943
66.951,0.999943
66.952,0.999944
66.953,0.999944
66.954,0.999944
66.955,0.999944
66.956,0.999944
66.957,0.999944
66.958,0.999944
66.959,0.999944
66.960,0.999944
66.961,0.999944
66.962,0.999944
66.963,0.999944
66.964,0.999944
66.965,0.999944
66.966,0.999944
66.967,0.999944
66.968,0.999944
66.969,0.999945
66.970,0.999945
66.971,0.999945
66.972,0.999945
66.973,0.999945
66.974,0.999945
66.975,0.999945
66.976,0.999945
66.977,0.999945
66.978,0.999945
66.979,0.999945
66.980,0.999945
66.981,0.999945
66.982,0.999945
66.983,0.999945
66.984,0.999945
66.985,0.999946
66.986,0.999946
66.987,0.999946
66.988,0.999946
66.989,0.999946
66.990,0.999946
66.991,0.999946
66.992,0.999946
66.993,0.999946
66.994,0.999946
66.995,0.999946
66.996,0.999946
66.997,0.999946
66.998,0.999946
66.999,0.999946
67.000,0.999946
67.001,0.999946
67.002,0.999947
67.003,0.999947
67.004,0.999947
67.005,0.999947
67.006,0.999947
67.007,0.999947
67.008,0.999947
67.009,0.999947
67.010,0.999947
67.011,0.999947
67.012,0.999947
67.013,0.999947
67.014,0.999947
67.015,0.999947
67.016,0.999947
67.017,0.999947
67.018,0.999947
67.019,0.999947
67.020,0.999948
67.021,0.999948
67.022,0.999948
67.023,0.999948
67.024,0.999948
67.025,0.999948
67.026,0.999948
67.027,0.999948
67.028,0.999948
67.029,0.999948
67.030,0.999948
67.031,0.999948
67.032,0.999948
67.033,0.999948
67.034,0.999948
67.035,0.999948
67.036,0.999948
67.037,0.999948
67.038,0.999949
67.039,0.999949
67.040,0.999949
67.041,0.999949
67.042,0.999949
67.043,0.999949
67.044,0.999949
67.045,0.999949
67.046,0.999949
67.047,0.999949
67.048,0.999949
67.049,0.999949
67.050,0.999949
67.051,0.999949
67.052,0.999949
67.053,0.999949
67.054,0.999949
67.055,0.999949
67.056,0.999950
67.057,0.999950
67.058,0.999950
67.059,0.999950
67.060,0.999950
67.061,0.999950
67.062,0.999950
67.063,0.999950
67.064,0.999950
67.065,0.999950
67.066,0.999950
67.067,0.999950
67.068,0.999950
67.069,0.999950
67.070,0.999950
67.071,0.999950
67.072,0.999950
67.073,0.999950
67.074,0.999950
67.075,0.999951
67.076,0.999951
67.077,0.999951
67.078,0.999951
67.079,0.999951
67.080,0.999951
67.081,0.999951
67.082,0.999951
67.083,0.999951
67.084,0.999951
67.085,0.999951
67.086,0.999951
67.087,0.999951
67.088,0.999951
67.089,0.999951
67.090,0.999951
67.091,0.999951
67.092,0.999951
67.093,0.999951
67.094,0.999952
67.095,0.999952
67.096,0.999952
67.097,0.999952
67.098,0.999952
67.099,0.999952
67.100,0.999952
67.101,0.999952
67.102,0.999952
67.103,0.999952
67.104,0.999952
67.105,0.999952
67.106,0.999952
67.107,0.999952
67.108,0.999952
67.109,0.999952
67.110,0.999952
67.111,0.999952
67.112,0.999952
67.113,0.999953
67.114,0.999953
67.115,0.999953
67.116,0.999953
67.117,0.999953
67.118,0.999953
67.119,0.999953
67.120,0.999953
67.121,0.999953
67.122,0.999953
67.123,0.999953
67.124,0.999953
67.125,0.999953
67.126,0.999953
67.127,0.999953
67.128,0.999953
67.129,0.999953
67.130,0.999953
67.131,0.999953
67.132,0.999953
67.133,0.999954
67.134,0.999954
67.135,0.999954
67.136,0.999954
67.137,0.999954
67.138,0.999954
67.139,0.999954
67.140,0.999954
67.141,0.999954
67.142,0.999954
67.143,0.999954
67.144,0.999954
67.145,0.999954
67.146,0.999954
67.147,0.999954
67.148,0.999954
67.149,0.999954
67.150,0.999954
67.151,0.999954
67.152,0.999954
67.153,0.999954
67.154,0.999955
67.155,0.999955
67.156,0.999955
67.157,0.999955
67.158,0.999955
67.159,0.999955
67.160,0.999955
67.161,0.999955
67.162,0.999955
67.163,0.999955
67.164,0.999955
67.165,0.999955
67.166,0.999955
67.167,0.999955
67.168,0.999955
67.169,0.999955
67.170,0.999955
67.171,0.999955
67.172,0.999955
67.173,0.999955
67.174,0.999955
67.175,0.999956
67.176,0.999956
67.177,0.999956
67.178,0.999956
67.179,0.999956
67.180,0.999956
67.181,0.999956
67.182,0.999956
67.183,0.999956
67.184,0.999956
67.185,0.999956
67.186,0.999956
67.187,0.999956
67.188,0.999956
67.189,0.999956
67.190,0.999956
67.191,0.999956
67.192,0.999956
67.193,0.999956
67.194,0.999956
67.195,0.999956
67.196,0.999956
67.197,0.999957
67.198,0.999957
67.199,0.999957
67.200,0.999957
67.201,0.999957
67.202,0.999957
67.203,0.999957
67.204,0.999957
67.205,0.999957
67.206,0.999957
67.207,0.999957
67.208,0.999957
67.209,0.999957
67.210,0.999957
67.211,0.999957
67.212,0.999957
67.213,0.999957
67.214,0.999957
67.215,0.999957
67.216,0.999957
67.217,0.999957
67.218,0.999957
67.219,0.999958
67.220,0.999958
67.221,0.999958
67.222,0.999958
67.223,0.999958
67.224,0.999958
67.225,0.999958
67.226,0.999958
67.227,0.999958
67.228,0.999958
67.229,0.999958
67.230,0.999958
67.231,0.999958
67.232,0.999958
67.233,0.999958
67.234,0.999958
67.235,0.999958
67.236,0.999958
67.237,0.999958
67.238,0.999958
67.239,0.999958
67.240,0.999958
67.241,0.999958
67.242,0.999959
67.243,0.999959
67.244,0.999959
67.245,0.999959
67.246,0.999959
67.247,0.999959
67.248,0.999959
67.249,0.999959
67.250,0.999959
67.251,0.999959
67.252,0.999959
67.253,0.999959
67.254,0.999959
67.255,0.999959
67.256,0.999959
67.257,0.999959
67.258,0.999959
67.259,0.999959
67.260,0.999959
67.261,0.999959
67.262,0.999959
67.263,0.999959
67.264,0.999959
67.265,0.999959
67.266,0.999960
67.267,0.999960
67.268,0.999960
67.269,0.999960
67.270,0.999960
67.271,0.999960
67.272,0.999960
67.273,0.999960
67.274,0.999960
67.275,0.999960
67.276,0.999960
67.277,0.999960
67.278,0.999960
67.279,0.999960
67.280,0.999960
67.281,0.999960
67.282,0.999960
67.283,0.999960
67.284,0.999960
67.285,0.999960
67.286,0.999960
67.287,0.999960
67.288,0.999960
67.289,0.999960
67.290,0.999961
67.291,0.999961
67.292,0.999961
67.293,0.999961
67.294,0.999961
67.295,0.999961
67.296,0.999961
67.297,0.999961
67.298,0.999961
67.299,0.999961
67.300,0.999961
67.301,0.999961
67.302,0.999961
67.303,0.999961
67.304,0.999961
67.305,0.999961
67.306,0.999961
67.307,0.999961
67.308,0.999961
67.309,0.999961
67.310,0.999961
67.311,0.999961
67.312,0.999961
67.313,0.999961
67.314,0.999961
67.315,0.999962
67.316,0.999962
67.317,0.999962
67.318,0.999962
67.319,0.999962
67.320,0.999962
67.321,0.999962
67.322,0.999962
67.323,0.999962
67.324,0.999962
67.325,0.999962
67.326,0.999962
67.327,0.999962
67.328,0.999962
67.329,0.999962
67.330,0.999962
67.331,0.999962
67.332,0.999962
67.333,0.999962
67.334,0.999962
67.335,0.999962
67.336,0.999962
67.337,0.999962
67.338,0.999962
67.339,0.999962
67.340,0.999962
67.341,0.999963
67.342,0.999963
67.343,0.999963
67.344,0.999963
67.345,0.999963
67.346,0.999963
67.347,0.999963
67.348,0.999963
67.349,0.999963
67.350,0.999963
67.351,0.999963
67.352,0.999963
67.353,0.999963
67.354,0.999963
67.355,0.999963
67.356,0.999963
67.357,0.999963
67.358,0.999963
67.359,0.999963
67.360,0.999963
67.361,0.999963
67.362,0.999963
67.363,0.999963
67.364,0.999963
67.365,0.999963
67.366,0.999963
67.367,0.999963
67.368,0.999964
67.369,0.999964
67.370,0.999964
67.371,0.999964
67.372,0.999964
67.373,0.999964
67.374,0.999964
67.375,0.999964
67.376,0.999964
67.377,0.999964
67.378,0.999964
67.379,0.999964
67.380,0.999964
67.381,0.999964
67.382,0.999964
67.383,0.999964
67.384,0.999964
67.385,0.999964
67.386,0.999964
67.387,0.999964
67.388,0.999964
67.389,0.999964
67.390,0.999964
67.391,0.999964
67.392,0.999964
67.393,0.999964
67.394,0.999964
67.395,0.999964
67.396,0.999965
67.397,0.999965
67.398,0.999965
67.399,0.999965
67.400,0.999965
67.401,0.999965
67.402,0.999965
67.403,0.999965
67.404,0.999965
67.405,0.999965
67.406,0.999965
67.407,0.999965
67.408,0.999965
67.409,0.999965
67.410,0.999965
67.411,0.999965
67.412,0.999965
67.413,0.999965
67.414,0.999965
67.415,0.999965
67.416,0.999965
67.417,0.999965
67.418,0.999965
67.419,0.999965
67.420,0.999965
67.421,0.999965
67.422,0.999965
67.423,0.999965
67.424,0.999966
67.425,0.999966
67.426,0.999966
67.427,0.999966
67.428,0.999966
67.429,0.999966
67.430,0.999966
67.431,0.999966
67.432,0.999966
67.433,0.999966
67.434,0.999966
67.435,0.999966
67.436,0.999966
67.437,0.999966
67.438,0.999966
67.439,0.999966
67.440,0.999966
67.441,0.999966
67.442,0.999966
67.443,0.999966
67.444,0.999966
67.445,0.999966
67.446,0.999966
67.447,0.999966
67.448,0.999966
67.449,0.999966
67.450,0.999966
67.451,0.999966
67.452,0.999966
67.453,0.999966
67.454,0.999967
67.455,0.999967
67.456,0.999967
67.457,0.999967
67.458,0.999967
67.459,0.999967
67.460,0.999967
67.461,0.999967
67.462,0.999967
67.463,0.999967
67.464,0.999967
67.465,0.999967
67.466,0.999967
67.467,0.999967
67.468,0.999967
67.469,0.999967
67.470,0.999967
67.471,0.999967
67.472,0.999967
67.473,0.999967
67.474,0.999967
67.475,0.999967
67.476,0.999967
67.477,0.999967
67.478,0.999967
67.479,0.999967
67.480,0.999967
67.481,0.999967
67.482,0.999967
67.483,0.999967
67.484,0.999968
67.485,0.999968
67.486,0.999968
67.487,0.999968
67.488,0.999968
67.489,0.999968
67.490,0.999968
67.491,0.999968
67.492,0.999968
67.493,0.999968
67.494,0.999968
67.495,0.999968
67.496,0.999968
67.497,0.999968
67.498,0.999968
67.499,0.999968
67.500,0.999968
67.501,0.999968
67.502,0.999968
67.503,0.999968
67.504,0.999968
67.505,0.999968
67.506,0.999968
67.507,0.999968
67.508,0.999968
67.509,0.999968
67.510,0.999968
67.511,0.999968
67.512,0.999968
67.513,0.999968
67.514,0.999968
67.515,0.999968
67.516,0.999969
67.517,0.999969
67.518,0.999969
67.519,0.999969
67.520,0.999969
67.521,0.999969
67.522,0.999969
67.523,0.999969
67.524,0.999969
67.525,0.999969
67.526,0.999969
67.527,0.999969
67.528,0.999969
67.529,0.999969
67.530,0.999969
67.531,0.999969
67.532,0.999969
67.533,0.999969
67.534,0.999969
67.535,0.999969
67.536,0.999969
67.537,0.999969
67.538,0.999969
67.539,0.999969
67.540,0.999969
67.541,0.999969
67.542,0.999969
67.543,0.999969
67.544,0.999969
67.545,0.999969
67.546,0.999969
67.547,0.999969
67.548,0.999969
67.549,0.999970
67.550,0.999970
67.551,0.999970
67.552,0.999970
67.553,0.999970
67.554,0.999970
67.555,0.999970
67.556,0.999970
67.557,0.999970
67.558,0.999970
67.559,0.999970
67.560,0.999970
67.561,0.999970
67.562,0.999970
67.563,0.999970
67.564,0.999970
67.565,0.999970
67.566,0.999970
67.567,0.999970
67.568,0.999970
67.569,0.999970
67.570,0.999970
67.571,0.999970
67.572,0.999970
67.573,0.999970
67.574,0.999970
67.575,0.999970
67.576,0.999970
67.577,0.999970
67.578,0.999970
67.579,0.999970
67.580,0.999970
67.581,0.999970
67.582,0.999970
67.583,0.999971
67.584,0.999971
67.585,0.999971
67.586,0.999971
67.587,0.999971
67.588,0.999971
67.589,0.999971
67.590,0.999971
67.591,0.999971
67.592,0.999971
67.593,0.999971
67.594,0.999971
67.595,0.999971
67.596,0.999971
67.597,0.999971
67.598,0.999971
67.599,0.999971
67.600,0.999971
67.601,0.999971
67.602,0.999971
67.603,0.999971
67.604,0.999971
67.605,0.999971
67.606,0.999971
67.607,0.999971
67.608,0.999971
67.609,0.999971
67.610,0.999971
67.611,0.999971
67.612,0.999971
67.613,0.999971
67.614,0.999971
67.615,0.999971
67.616,0.999971
67.617,0.999971
67.618,0.999971
67.619,0.999972
67.620,0.999972
67.621,0.999972
67.622,0.999972
67.623,0.999972
67.624,0.999972
67.625,0.999972
67.626,0.999972
67.627,0.999972
67.628,0.999972
67.629,0.999972
67.630,0.999972
67.631,0.999972
67.632,0.999972
67.633,0.999972
67.634,0.999972
67.635,0.999972
67.636,0.999972
67.637,0.999972
67.638,0.999972
67.639,0.999972
67.640,0.999972
67.641,0.999972
67.642,0.999972
67.643,0.999972
67.644,0.999972
67.645,0.999972
67.646,0.999972
67.647,0.999972
67.648,0.999972
67.649,0.999972
67.650,0.999972
67.651,0.999972
67.652,0.999972
67.653,0.999972
67.654,0.999972
67.655,0.999972
67.656,0.999973
67.657,0.999973
67.658,0.999973
67.659,0.999973
67.660,0.999973
67.661,0.999973
67.662,0.999973
67.663,0.999973
67.664,0.999973
67.665,0.999973
67.666,0.999973
67.667,0.999973
67.668,0.999973
67.669,0.999973
67.670,0.999973
67.671,0.999973
67.672,0.999973
67.673,0.999973
67.674,0.999973
67.675,0.999973
67.676,0.999973
67.677,0.999973
67.678,0.999973
67.679,0.999973
67.680,0.999973
67.681,0.999973
67.682,0.999973
67.683,0.999973
67.684,0.999973
67.685,0.999973
67.686,0.999973
67.687,0.999973
67.688,0.999973
67.689,0.999973
67.690,0.999973
67.691,0.999973
67.692,0.999973
67.693,0.999973
67.694,0.999973
67.695,0.999974
67.696,0.999974
67.697,0.999974
67.698,0.999974
67.699,0.999974
67.700,0.999974
67.701,0.999974
67.702,0.999974
67.703,0.999974
67.704,0.999974
67.705,0.999974
67.706,0.999974
67.707,0.999974
67.708,0.999974
67.709,0.999974
67.710,0.999974
67.711,0.999974
67.712,0.999974
67.713,0.999974
67.714,0.999974
67.715,0.999974
67.716,0.999974
67.717,0.999974
67.718,0.999974
67.719,0.999974
67.720,0.999974
67.721,0.999974
67.722,0.999974
67.723,0.999974
67.724,0.999974
67.725,0.999974
67.726,0.999974
67.727,0.999974
67.728,0.999974
67.729,0.999974
67.730,0.999974
67.731,0.999974
67.732,0.999974
67.733,0.999974
67.734,0.999974
67.735,0.999974
67.736,0.999975
67.737,0.999975
67.738,0.999975
67.739,0.999975
67.740,0.999975
67.741,0.999975
67.742,0.999975
67.743,0.999975
67.744,0.999975
67.745,0.999975
67.746,0.999975
67.747,0.999975
67.748,0.999975
67.749,0.999975
67.750,0.999975
67.751,0.999975
67.752,0.999975
67.753,0.999975
67.754,0.999975
67.755,0.999975
67.756,0.999975
67.757,0.999975
67.758,0.999975
67.759,0.999975
67.760,0.999975
67.761,0.999975
67.762,0.999975
67.763,0.999975
67.764,0.999975
67.765,0.999975
67.766,0.999975
67.767,0.999975
67.768,0.999975
67.769,0.999975
67.770,0.999975
67.771,0.999975
67.772,0.999975
67.773,0.999975
67.774,0.999975
67.775,0.999975
67.776,0.999975
67.777,0.999975
67.778,0.999976
67.779,0.999976
67.780,0.999976
67.781,0.999976
67.782,0.999976
67.783,0.999976
67.784,0.999976
67.785,0.999976
67.786,0.999976
67.787,0.999976
67.788,0.999976
67.789,0.999976
67.790,0.999976
67.791,0.999976
67.792,0.999976
67.793,0.999976
67.794,0.999976
67.795,0.999976
67.796,0.999976
67.797,0.999976
67.798,0.999976
67.799,0.999976
67.800,0.999976
67.801,0.999976
67.802,0.999976
67.803,0.999976
67.804,0.999976
67.805,0.999976
67.806,0.999976
67.807,0.999976
67.808,0.999976
67.809,0.999976
67.810,0.999976
67.811,0.999976
67.812,0.999976
67.813,0.999976
67.814,0.999976
67.815,0.999976
67.816,0.999976
67.817,0.999976
67.818,0.999976
67.819,0.999976
67.820,0.999976
67.821,0.999976
67.822,0.999976
67.823,0.999977
67.824,0.999977
67.825,0.999977
67.826,0.999977
67.827,0.999977
67.828,0.999977
67.829,0.999977
67.830,0.999977
67.831,0.999977
67.832,0.999977
67.833,0.999977
67.834,0.999977
67.835,0.999977
67.836,0.999977
67.837,0.999977
67.838,0.999977
67.839,0.999977
67.840,0.999977
67.841,0.999977
67.842,0.999977
67.843,0.999977
67.844,0.999977
67.845,0.999977
67.846,0.999977
67.847,0.999977
67.848,0.999977
67.849,0.999977
67.850,0.999977
67.851,0.999977
67.852,0.999977
67.853,0.999977
67.854,0.999977
67.855,0.999977
67.856,0.999977
67.857,0.999977
67.858,0.999977
67.859,0.999977
67.860,0.999977
67.861,0.999977
67.862,0.999977
67.863,0.999977
67.864,0.999977
67.865,0.999977
67.866,0.999977
67.867,0.999977
67.868,0.999977
67.869,0.999977
67.870,0.999978
67.871,0.999978
67.872,0.999978
67.873,0.999978
67.874,0.999978
67.875,0.999978
67.876,0.999978
67.877,0.999978
67.878,0.999978
67.879,0.999978
67.880,0.999978
67.881,0.999978
67.882,0.999978
67.883,0.999978
67.884,0.999978
67.885,0.999978
67.886,0.999978
67.887,0.999978
67.888,0.999978
67.889,0.999978
67.890,0.999978
67.891,0.999978
67.892,0.999978
67.893,0.999978
67.894,0.999978
67.895,0.999978
67.896,0.999978
67.897,0.999978
67.898,0.999978
67.899,0.999978
67.900,0.999978
67.901,0.999978
67.902,0.999978
67.903,0.999978
67.904,0.999978
67.905,0.999978
67.906,0.999978
67.907,0.999978
67.908,0.999978
67.909,0.999978
67.910,0.999978
67.911,0.999978
67.912,0.999978
67.913,0.999978
67.914,0.999978
67.915,0.999978
67.916,0.999978
67.917,0.999978
67.918,0.999978
67.919,0.999978
67.920,0.999979
67.921,0.999979
67.922,0.999979
67.923,0.999979
67.924,0.999979
67.925,0.999979
67.926,0.999979
67.927,0.999979
67.928,0.999979
67.929,0.999979
67.930,0.999979
67.931,0.999979
67.932,0.999979
67.933,0.999979
67.934,0.999979
67.935,0.999979
67.936,0.999979
67.937,0.999979
67.938,0.999979
67.939,0.999979
67.940,0.999979
67.941,0.999979
67.942,0.999979
67.943,0.999979
67.944,0.999979
67.945,0.999979
67.946,0.999979
67.947,0.999979
67.948,0.999979
67.949,0.999979
67.950,0.999979
67.951,0.999979
67.952,0.999979
67.953,0.999979
67.954,0.999979
67.955,0.999979
67.956,0.999979
67.957,0.999979
67.958,0.999979
67.959,0.999979
67.960,0.999979
67.961,0.999979
67.962,0.999979
67.963,0.999979
67.964,0.999979
67.965,0.999979
67.966,0.999979
67.967,0.999979
67.968,0.999979
67.969,0.999979
67.970,0.999979
67.971,0.999979
67.972,0.999980
67.973,0.999980
67.974,0.999980
67.975,0.999980
67.976,0.999980
67.977,0.999980
67.978,0.999980
67.979,0.999980
67.980,0.999980
67.981,0.999980
67.982,0.999980
67.983,0.999980
67.984,0.999980
67.985,0.999980
67.986,0.999980
67.987,0.999980
67.988,0.999980
67.989,0.999980
67.990,0.999980
67.991,0.999980
67.992,0.999980
67.993,0.999980
67.994,0.999980
67.995,0.999980
67.996,0.999980
67.997,0.999980
67.998,0.999980
67.999,0.999980
68.000,0.999980